-0.03539337249617375 -0.13121368989984653 -0.0473829505042253 0.19400674338224125 -0.09702409278874966 -0.4832020994041408 -0.4286539914365618 -0.4335448400705958 0.11133076108491824 -0.10179314538708494 -0.47181964204659393 -0.04300809276213945 0.22062425364957866 0.17198388146483912 0.039621078428793255
0.1643900144259934 -0.003755373130035614 0.025222948690107723 -0.07072663060453065 0.15164975757055674 -0.18149745919535903 0.04897186811356539 -0.41607444297712454 -0.5482834180721535 -0.48791857463346594 0.4223881966879091 -0.12436725472214881 0.0137523911283653 -0.05470953421262025 -0.011300359835541453
0.7858377815281824 0.2600993771036526 -0.4732786149186398 -0.22820681416779506 -0.10491946378268832 -0.06435576084955631 -0.019003283078546415 0.006547539112557913 0.11450522845740913 0.07460057703532005 -0.06309236943781153 -0.013535722116110609 0.002180365481747518 0.010561105264188188 -0.015023237982089233
0.5021535843206264 -0.7555656430775132 0.35529261741455936 0.11569917986769065 0.014126325203633251 0.1401128048116331 -0.021164261815278845 0.04803835638536995 0.00853370452529106 0.09281672102323996 0.012840580388388464 -0.008184703274201385 0.04964579781099134 -0.028514931888444523 0.050586435705734706
0.2322595802561919 0.3525189412780059 0.2281005245559661 0.7700146712127159 -0.28307375183050315 -0.06600105252119876 0.03876618090355632 0.2167246593991976 -0.11650868118780174 -0.125145761622092 0.02727023732466023 0.01849912298591844 -0.10924326656437806 0.021958576663106442 0.03370859435303861
0.1354370904748617 0.2331435954315315 0.15960350375143798 0.21896030355080082 0.8207804323060772 -0.09613795755377667 -0.042289231636505546 -0.12321146157960164 0.27912149313687745 0.20056450421820976 0.1025254330502322 0.0038321902869924086 0.08266435158875246 -0.1206148775666393 0.06284166670470638
0.0751942156520111 0.1677425388839164 0.27738886913289507 -0.2258731448754201 0.11380513658819069 0.019142417799476355 0.10555100569385108 0.40986036941792375 -0.07419000613949259 -0.3287795252305886 -0.26617940967727266 -0.22788572809294783 0.6206914674701526 0.15392476606816385 0.021591247422438262
0.07805138006548774 0.286584263001943 0.2579945771994113 -0.09221916267931081 -0.07208687232227669 0.6141019126916565 -0.4953639475419568 -0.2986539590705305 -0.23373431931694794 0.1730838379284857 -0.06641753113388307 0.12051127673992305 0.09949952141411063 0.07973989977438266 0.005652671459964993
0.0029657522925541444 0.05703051833540443 0.08890692174958369 -0.07509078297528762 -0.12233430585700195 0.09763667369920415 0.19210319796003814 -0.20203069379102584 0.30934406147904103 -0.14717670290805365 0.14496561034650315 0.01532539743637468 -0.04048047075658765 0.3091989583891447 0.8031996793485614
0.04986621875888606 0.14228615231807143 0.34265725765817473 -0.09388113856866578 -0.2694931554992681 0.08099076548539472 0.30258062485164283 -0.4046635542207797 0.43595535327083584 -0.10874406670321113 -0.054762370322186706 -0.28057380179771096 0.0008426145081528533 -0.3671851910337276 -0.3132380293235654
0.03133557813335333 0.001270252807586343 0.04599833292758847 0.008766985528959008 -0.062446607323157044 -0.049745258341783775 0.2391944835603231 -0.13386522600021888 0.12513466946769577 -0.08658544631284175 0.1356999571314023 0.8191538131732692 0.3343980398852268 0.16757239950144648 -0.25065905323869675
0.027376722532910517 0.12503742492304715 0.39949887956740116 -0.313484859676315 -0.2253641964395149 -0.48077583886821257 -0.37333834938472604 0.20940886013424426 0.10333963659676959 0.22947998003220896 0.4431751694239231 0.021820479512407256 -0.014457720191800923 -0.008956223636577701 0.008141120758400936
0.03054421871624173 -0.010294893201217447 0.06005209040176757 0.011432047262426104 0.09864677365785939 0.06703036261173237 0.03030054077804868 -0.040557770325229434 0.16014186956292203 -0.033526431191785395 0.1309917766766315 -0.2521797389594667 -0.24023128778332933 0.797347286826702 -0.42123643708317354
-0.1094225080624124 -0.08598160598855721 -0.32375125760869916 0.27343937937091906 -0.17340742027901118 0.12045384186897061 -0.018149776494136693 -0.0834165521167951 0.0829695928102434 0.2748871768702901 0.45697798805150786 -0.31090032169156284 0.6001609900527163 0.02018999750311621 -0.02544121211273581
-0.02927476218920285 -0.0933352926470731 -0.174440489862173 0.06167268432707165 0.048368107071703324 0.223607434175028 -0.47637073308938727 0.20565944415154264 0.42139003044086154 -0.6108359197445552 0.20854407347488907 0.07015588964243334 -0.05626787241008398 -0.16328608294611 -0.07551748042221047
