-0.032009092407897524 -0.1495694490564042 0.02453101956462439 0.18942242278421648 -0.23787174429081215 -0.5442924120884883 0.4784372267240226 -0.3261907305740599 0.1524089266784824 -0.23651041062126757 0.3514563306035777 -0.04206024676350618 -0.158408649456728 0.14601430276167415 0.033350483424459426
0.1648297480839957 0.0077801676640324065 0.02500606449476144 -0.10454715614122524 0.09422179153631967 -0.15531876470173248 -0.13288578989504912 -0.039450287331949836 0.775553462603367 -0.23007964558855035 -0.47266368667958436 -0.15865515840003738 -0.056162904222853735 -0.05326148809532251 -0.0023009641424554523
0.7977289847466841 0.2622093256550203 -0.47150992722557844 -0.16818334009227498 -0.09984420922468128 -0.07578658672504597 0.05618389170624695 -0.05962268985029896 -0.1266933374225027 0.0334232041461543 0.0651128987320424 -0.006888127682635213 0.004246451612991431 0.013761637615828555 -0.013440914189166663
0.489213285257146 -0.7589398704771332 0.3665263630147065 0.06257268610908032 0.0016429887296772663 0.16938564494715164 0.013803378675831656 0.04378283583709949 -0.02931285154460162 0.10032451617296564 0.014286275572533834 -0.008862131636328515 -0.04090894022268671 -0.024987613565486122 0.046013514468069235
0.21467486978771808 0.346632261336117 0.3127828219933868 0.6954427797667644 -0.3740501538340222 0.023548026152400165 -0.1460798794784697 0.2576046086185151 0.027431135207385337 -0.09337687007105218 -0.04397646127762974 0.006777566834592868 0.10025474188783921 0.0049992941670764755 0.05091121207548887
0.15766529750700925 0.18818856455892724 0.20848688220642705 0.3069862148775596 0.7896480559838449 -0.2593881669856396 0.08216246836179653 -0.19725192209377757 -0.1811191910934259 0.09528351389268508 -0.09567158183337149 0.01919057697208473 -0.05891576881068638 -0.0918125718332169 0.04721314549743183
0.07302040516149953 0.17529188909481566 0.26199076917498526 -0.25590702260746606 0.12130961671954257 0.04607192607352959 -0.10988614883891029 0.35573518456756353 -0.09643563749540045 -0.34678097822813253 0.2630502318448886 -0.26808079189551 -0.6119748178818718 0.1708111318831894 0.006545148923061611
0.06027182546583859 0.2871339235501961 0.20794884503818375 -0.05318358612958409 0.04092260202919168 0.539242644396858 0.5661371708400911 -0.09247203652148563 0.3487264265207883 0.2811575419587227 0.1262630184209324 0.12012886140436536 -0.09781305478519492 0.07496107095510259 -0.010535910720411209
0.00014787895599358174 0.061811170309514864 0.0837043238357313 -0.10334197067772694 -0.07873632623390234 0.14612053581065162 -0.05341125814456877 -0.32303246711671113 -0.15516497133692014 -0.17804395283969532 -0.2117007014118211 0.03637326799601542 0.019979561418843522 0.28264840776755845 0.8133478338928353
0.04484440946679654 0.15008858652379997 0.3310226425213637 -0.15078497458447213 -0.20464158972773963 0.16143809065788656 -0.10434092234961577 -0.6008893768304115 -0.20946265279529167 -0.1996933753330172 -0.05830158399887601 -0.2828532090181666 0.033933862836767796 -0.36473762853742486 -0.3192376602970119
0.03364290001529271 0.0011255578823853479 0.05448192987849134 -0.004128470894837018 -0.07505051066329153 -0.003501486806904255 -0.18076069218917712 -0.196182361272437 -0.040551192689145456 -0.12674653121372043 -0.178058349699611 0.79190741407729 -0.36374652429979937 0.18544306133986804 -0.27539590312156637
0.01744026670914783 0.1330528285201524 0.3787955900397649 -0.3616123415518621 -0.24490543148810082 -0.4331068102103223 0.2570924978550155 0.23360074582967752 -0.20262155941382892 0.3635152769924059 -0.4072508015636715 0.020821685230504115 0.0046037118830508225 0.002774621589037674 0.0016289293867993912
0.03154980385607878 -0.010970282959019669 0.06461852766230572 0.009475161619715932 0.09359675814085712 0.05998509503682475 0.010101167088085235 -0.07754610683829082 -0.08287951196479165 -0.0707241333125077 -0.13500257997990187 -0.23350460337274104 0.3182021388376735 0.8038408667810591 -0.37961978312265793
-0.10549118116667476 -0.10073605026302607 -0.3060099069971555 0.3215226964991504 -0.13842077549886134 0.10489302110378712 0.027807736501181686 -0.1486272870968822 -0.11128929582584675 0.3499077715432309 -0.3597927327311718 -0.34752703009814984 -0.5785479498708632 0.08216497022294769 -0.046511696653683356
-0.025025033890250414 -0.09880976169375862 -0.1675517227112076 0.0844224051984679 0.05576707191323794 0.18664610993163477 0.5253852729340586 0.24418458499219847 -0.2529947266698242 -0.5617978109536629 -0.39868306289113853 0.045185625199668324 0.05103383432726478 -0.1776159297552116 -0.07773168555145063
