-0.03926502152937313 0.17132774897739314 -0.06173624124897286 0.18233645635529275 -0.2375878543693549 -0.526718044360481 -0.5737385832740174 0.2240500975350552 0.15253720851145733 -0.08778745277720403 -0.37142883487311384 -0.06441332913206031 0.16569578910610208 0.12896288258490024 0.04029399422521958
0.16288598060916104 -0.0033918232620656578 0.031234922350311663 -0.09907110335153792 0.05624130353814897 -0.16759453994714402 0.17084355481056643 0.19268878834450223 0.7279090367909536 -0.38423996549628037 0.40004035220712586 -0.13345864965469367 0.06764101648828598 -0.056396370708479714 -0.04480152135646055
0.7876891853438964 -0.3517709232458953 -0.40795167449895503 -0.21008088914090597 -0.11825897590241154 -0.05606737122109151 -0.0703472008060094 0.03012714232612598 -0.12423008084789149 0.05283681838838827 -0.060390180943609505 -0.011079768851293331 -0.006653219083317389 0.011605319856203252 -0.009261798364054885
0.5136634767528704 0.7833203186026474 0.28584622856678743 0.03753461937209106 0.01966073414158333 0.14948933500906117 0.0018274652622733022 -0.0396189100161253 -0.033657275523184434 0.09131198394526939 0.007762046485201949 -0.0009268629343887673 0.040371631126387586 -0.023084584768058317 0.05866027588263682
0.21518714548283618 -0.2451324197098252 0.2102842738304941 0.8232675281995595 -0.2724648947557997 -0.0048808327412835995 0.17836306671443128 -0.21425037466511318 0.04126856834659541 -0.09407171443467768 0.014418432532040669 -0.0013054670530640042 -0.09050926304312433 0.008252089899653803 0.024818160451203115
0.13691263219248287 -0.12011501030526459 0.12132774910040252 0.2526741141471214 0.8228552518185146 -0.32050733143036986 -0.09049476504393071 0.1736187612524674 -0.20696595363622902 0.04697097140102616 0.10183613458893899 -0.002405239178573659 0.05361574865204644 -0.10456131677010722 0.029814660955856644
0.0600125734247637 -0.16191672372496244 0.30303280712295744 -0.19201080612888902 0.09801237230591194 0.00487633551356794 0.15484853175738658 -0.3699408142478413 -0.04210205703219802 -0.25009211010261645 -0.3407872053068516 -0.27987465809609235 0.628660531424079 0.13026114056020968 0.0073169215894377075
0.07977473184335049 -0.28290918247660046 0.30906586683553455 0.007965381107848503 0.10945712382854121 0.5269204813994642 -0.5460680479158195 0.053564823212848306 0.3536674059063964 0.255094465402342 0.003991235732476173 0.1460510769249083 0.09279335382061331 0.0829689396755985 0.01823599731405411
-0.003854902374705942 -0.06940214728911642 0.09975606195946415 -0.04537486765595829 -0.0775141187888996 0.11866220930252178 0.01644368159727974 0.3081442367558864 -0.20435843370205095 -0.2729610454680741 0.11813857087706255 -0.018655662802382584 -0.014845030595599542 0.23007490981206058 0.8271131789654347
0.03388829907340174 -0.11686957539543236 0.3598400272053739 -0.05115496788415119 -0.2143396501079432 0.14608421459304607 -0.01715100888642146 0.5656791965368192 -0.30569092590979174 -0.1994689572505432 -0.044977314260444615 -0.2912576710923958 -0.031070730711795513 -0.34612024864394375 -0.353084695314906
0.02988569904259911 0.0014653835265375076 0.051170302017184886 0.013939627695011718 -0.06973767771181398 -0.02508375551255909 0.15737574589897105 0.24263073680379615 -0.11139036074959423 -0.18463475641509536 0.038945276535430944 0.8031988126183317 0.35157987473961017 0.19801720312872648 -0.22627539047682793
0.02411832651323811 -0.12792388814738065 0.4437530401599271 -0.25243679435373123 -0.26927687795967187 -0.4407891223971782 -0.17500603237326487 -0.25585718859339696 -0.18082336908213373 0.23299131898941236 0.518634981163199 0.05649783089595465 -0.0038516894243167932 0.01082370109115407 0.015142902426165724
0.028446438307013006 0.024043251692396073 0.053053223949431995 0.0034109506824804626 0.09372701640506356 0.04573756280824884 -0.016259772703237804 0.06781297264519019 -0.10455144992187418 -0.10032195143891022 0.1021332526704481 -0.2436521788715718 -0.2618121182067058 0.8382137224420353 -0.34366534651509434
-0.09361005411544274 0.09205669855513152 -0.3531943074222771 0.24993933055107542 -0.1067344247224527 0.1516289951521936 -0.040165865422417055 0.14780184789860148 -0.12901341438865557 0.2690454414439373 0.453438324900255 -0.2857294729001988 0.5967168453785264 0.0595295296737935 -0.04257048744026809
-0.019893070444835695 0.09292634843550406 -0.18508849064323027 0.0421261956244692 0.060014415278200055 0.18205212557429704 -0.46548567889212855 -0.35874894192400913 -0.2259070814157534 -0.6400999188271727 0.26278242021796466 0.06116161058877609 -0.044481806180475335 -0.16266469149803953 -0.10401189976528795
