-0.038206063187832234 0.15344180683230674 -0.019357056334812606 0.21312238203215245 -0.16683365627909588 -0.5464738542292255 -0.5120359651673969 -0.38192105242597524 0.08557635754880928 -0.1308020013539277 -0.3458857852115435 -0.03309795081176602 0.1670935824379439 0.14061901952066408 0.04277265402439771
0.15339922217041307 -0.005916560773399005 0.017665352660070938 -0.07953896734712737 0.09621846552673653 -0.15520253486156219 0.15608137962466673 -0.1315836287173772 0.747359899620678 -0.3823695616572393 0.3940089533032295 -0.16018541619133098 0.06944423464452636 -0.06214249001102064 -0.020827330854405725
0.7852355180370394 -0.28346316342595235 -0.4658473898050368 -0.2070254542944582 -0.10066220426845408 -0.08205063864566055 -0.06727903794055827 -0.040950393058432503 -0.12369018131891518 0.05205538314620688 -0.041101973440635924 -0.0066683852287827555 -0.00651698993005262 0.010946327734708855 -0.014378451633180899
0.5044912452706594 0.7690728399575996 0.33776964349866045 0.05224509817605369 0.014149524896587265 0.15095055315955222 -0.007317307083603433 0.056777459298246166 -0.01890588167333243 0.0758547789490931 -0.013175439992142782 -0.006350067389366746 0.043158278376700394 -0.021503602355078446 0.04778942537945902
0.23434529344226032 -0.31789575125518166 0.26905250245742435 0.7501873078008092 -0.34179904157174634 -0.006175352771136796 0.13208315004998647 0.2329355091508975 0.03856186054981855 -0.09252268617269827 0.011634098630328674 0.011287626650463449 -0.09100553287913306 0.012674115925240504 0.03913862054916488
0.15405567671586115 -0.18723603127336044 0.17004780711927875 0.2780872586680506 0.8356867811039149 -0.17832951035131628 -0.08808229957685207 -0.1453398358981399 -0.1736916113568914 0.12030262691788027 0.12706923818972965 0.012983292515843575 0.04609064386218531 -0.10405594421789521 0.04467801581260525
0.06504799853586316 -0.18480204329400315 0.27655046625478985 -0.22602741466574014 0.09543529475604084 -0.0026876322376710197 0.13212469419461997 0.31527050121486716 -0.1035509812787591 -0.30821009308613273 -0.34511956000009797 -0.24136662366993564 0.6338490559476418 0.15080900175299733 0.022164427676180782
0.0749905402048362 -0.28224135743304374 0.263996544856974 -0.08212252301379186 -0.009474486750835912 0.5756803975953461 -0.5534982441458627 -0.13468581096747312 0.33441025399772184 0.19491247046242258 -0.05996247604134472 0.11762597573035814 0.09465422826924036 0.0776996501453261 0.005529389320565067
0.002420765945791451 -0.055741057753621294 0.08890934156917735 -0.07927176769905943 -0.09350379519925538 0.10067254159309 0.09114753058868642 -0.3141088355098371 -0.21664316889623506 -0.17560050780521708 0.22900808004237772 0.0065992984811961905 -0.01491765419653114 0.2568322552475948 0.8126528414992592
0.05222689802928634 -0.13038201437441543 0.34622758318475966 -0.11192129416193977 -0.20958343795504036 0.08930953259125854 0.14163999519315024 -0.58572536052067 -0.3020065103178252 -0.13238723992607992 0.039057715098896495 -0.27562625254780987 -0.040628445001682424 -0.35922595979841343 -0.34045830761595375
0.030299768951896597 0.002185565260444296 0.04745201510476774 0.00351055171824357 -0.06285994789293468 -0.03602915210856079 0.1897195867414616 -0.19808285999673336 -0.07742488788970774 -0.10047883535209122 0.17560672331206809 0.8054344632235831 0.35394065252193635 0.1769132572910882 -0.2531956243191753
0.017403099914153283 -0.11663534929731875 0.3973247765807227 -0.3149398186632077 -0.21233541666629713 -0.45123961161924364 -0.2778247307882709 0.3071691077140824 -0.11901721726196121 0.25894270020049703 0.4765756605349083 0.005650145255169757 -0.015094881329190724 -0.011769236887530456 -0.007564864817594828
0.03090036751710962 0.012855044199110922 0.059768547400778874 0.0077067556617413545 0.09548379185263263 0.05384660400269634 0.006281107907814132 -0.06774714265476293 -0.10062277913148149 -0.08454821263736365 0.12776460282379276 -0.24130193155789326 -0.26718522924293625 0.8229400806200756 -0.37169936776367823
-0.09625443843939525 0.10557299625220767 -0.31613945310914443 0.2834864088611343 -0.1243730101144471 0.14166166476466127 -0.03670036188872898 -0.08849468649509791 -0.08385396411014939 0.32647745643414355 0.41894667551337017 -0.3405989648920297 0.5864436820330546 0.04138344606980752 -0.06159592714979831
-0.034969218010196174 0.09819960604966944 -0.17122429702595546 0.0792688593942537 0.04344108346415154 0.1962434866780273 -0.4657465385646698 0.22639311897749234 -0.29800338983519326 -0.6579954212885138 0.2837246078761998 0.04202875448090303 -0.03927511794032818 -0.17500752248016643 -0.09359557136330023
