-0.036878199289638376 -0.16527371441817182 0.01699133337796805 0.198485401584331 -0.16676831252956203 -0.5678951662863495 -0.49150918181887343 -0.2845908325640552 -0.17667533322198706 -0.21723468634042034 0.37112447888619543 -0.002933369796189785 -0.13392663673349603 0.15406529620254814 0.03049761653383617
0.15392197218327583 0.0042557857241207865 0.020832625672766582 -0.07599816579662502 0.11229024499690189 -0.14261470666848605 0.13962695574901204 0.048639064511218924 -0.7252297895097222 -0.378735977532182 -0.4642367331998969 -0.15094508187079203 -0.07408796634881717 -0.04448022047433097 -0.010189651050369926
0.7786081488492672 0.24607966198506984 -0.5133552013867572 -0.16694802903536754 -0.09781867464109238 -0.08967498187946163 -0.056812100602873145 -0.07574800765126176 0.09969329612497634 0.042028417186551495 0.055153717072926836 -0.009638402010634494 0.004474744751520657 0.011900630320038798 -0.015226674133805245
0.523520912452402 -0.7055526743287991 0.43436322725842713 0.00922692151485437 0.0130001079200052 0.1530803982255416 -0.020096554915300886 0.03727717401839737 0.03884844311101199 0.08852970666171417 0.01362636408872794 -1.4045933764076013e-06 -0.04249468829886132 -0.01815922279642144 0.04796576016499216
0.21779246368062535 0.32434730483724045 0.2706647205200624 0.7208986072545072 -0.3828136510261294 -0.03758315187947457 0.15779798084093358 0.2631657435186153 0.025199352050020506 -0.04706231141837644 -0.04616390287467902 -0.015544370992199505 0.07440975340623049 0.008667809428433537 0.03822741786345739
0.1492062366804078 0.21427235820434445 0.1529320190213901 0.3324779647654364 0.8169437879143906 -0.13802991224443634 -0.10962353258697538 -0.21791007240338936 0.12876533342153748 0.10870717937174673 -0.09265810031410543 0.02293923356027667 -0.056342939385538506 -0.09142634891242611 0.053858426346709495
0.06869665303339513 0.21780864206756873 0.23531112083540154 -0.23780427670708731 0.1330956620863323 0.02164663330782753 0.12917693974119307 0.3326443695670946 0.17536072475772926 -0.34146181038089407 0.3066840491479573 -0.16496914668703572 -0.6078127383762995 0.22862614683156238 0.008500604932161598
0.07111882108854252 0.3219521595878191 0.21524086728835745 -0.06603793078352545 -0.05616484453844703 0.5693355284028794 -0.5592848668731504 -0.0596435230376492 -0.3686021606577325 0.1517341959599615 0.09350829041350131 0.13715236730301825 -0.06183572075675798 0.08169424403712548 0.001392115182281414
-0.0005752118122119432 0.06936199397835774 0.08015399809346438 -0.08330844444801502 -0.10028754041652772 0.09332059151536255 0.08782898060718881 -0.34898032898376413 0.1469631517922968 -0.18829897578942933 -0.1864346809421687 0.026222398641758186 0.06656251269113472 0.294661888883419 0.8061015603555198
0.04441306597853693 0.18245849872351105 0.3256001278832371 -0.12989797174768636 -0.2201979363763234 0.07248113961158971 0.13616359974013217 -0.6309437527172628 0.16406795917983788 -0.1790520202113489 -0.01880521665818345 -0.2830890783857603 -0.0394461207564321 -0.360391430589645 -0.31712346865226126
0.02979151536025358 0.005406475830422046 0.05125835790227237 -0.00023326616922003413 -0.06774456558609385 -0.04392506981125187 0.1903904070523002 -0.20258241556012938 0.03570112648544489 -0.09877659763627554 -0.17556105286098078 0.8413899762258631 -0.24775038591403942 0.18243788001637762 -0.26114150572866135
0.015036028765528581 0.18660180046914157 0.35396438008691145 -0.3569593925492619 -0.1566973185779079 -0.454348064216431 -0.29464145933507924 0.21632823464251114 0.19187140314432483 0.32895897445183636 -0.45002006853200455 -0.0036740379123335 -0.003800471951566352 0.002832668500827876 0.00790679333330331
0.030596352796105217 -0.004449181538926046 0.06387080176463777 0.009956206578627886 0.09161575290396622 0.058814044581447886 -0.0030175521842253287 -0.0940557458222151 0.09140969728401571 -0.08000759188306054 -0.11582123046200117 -0.2425102357202237 0.35597036984294345 0.7715566327298362 -0.4063989106301248
-0.10070285955096438 -0.15749466049505942 -0.2792396273693458 0.271344625733082 -0.13735822003205336 0.13079926401750072 -0.06101094771314319 -0.1715553431745598 0.05002244346478148 0.32333752239417124 -0.3647677288639949 -0.2840498639663663 -0.6296605040623519 0.15819506722343585 -0.04511254645592191
-0.031723555011358075 -0.11967907445218266 -0.16221040432684714 0.10373952028613719 0.008973365830801995 0.19419907650881443 -0.4645856128268682 0.1804765026097734 0.38740356548612187 -0.5913352567708496 -0.33924387291845065 0.04524909828784451 0.04699969572756982 -0.19003080412572995 -0.0785976909846362
