-0.0393258314802153 -0.1703278996281688 0.00441681595923266 0.1887183894938245 -0.1938749657578606 -0.553839692972875 -0.5043341690600053 -0.30395127203572697 0.1559191137855932 -0.22574436125479774 0.3448471954646892 -0.03632297934454313 0.16435528747990866 0.13923875209862968 0.028847612342587918
0.16077112436050664 0.016429702981221934 0.009470201165962183 -0.09515069751848416 0.13839705581410922 -0.1654833983914985 0.1045227932993581 -0.014309494571812239 0.7607732381251303 -0.23653455286679662 -0.4912120751424137 -0.154154252952379 0.06356057104485024 -0.056582307455559706 -0.007227696960934423
0.7802649157572951 0.2842834813987196 -0.4913083930369636 -0.15059937163479975 -0.10675595552390377 -0.08283755918964181 -0.05871074692871467 -0.05968983436736121 -0.1261503705860386 0.02835199870903653 0.06239309445280502 -0.005768389914829405 -0.008105201601286754 0.010544318037743675 -0.014694588439182433
0.5191442252413597 -0.7429718569722733 0.3732305743518602 0.0015702864556868174 0.023854548790013128 0.15257336618136477 -0.004783293878580878 0.035625458193076415 -0.0316959918558633 0.08886802872125285 0.023388664967478188 -0.008428867360726535 0.0453375679613396 -0.019215827179654046 0.04575871514959483
0.20879746467017316 0.27080084350224326 0.30006652342304 0.7004977789490393 -0.4278780240525634 -0.018193960351311104 0.1650757898728122 0.24614419443039987 0.015322560453693828 -0.11266169429967658 -0.07851273816791916 0.009774005694880168 -0.10116648497934773 0.006651086796776542 0.040246074315440646
0.14986374250163345 0.20217790161724633 0.16092786479772628 0.3995496480900403 0.7825690805117049 -0.15493843114959258 -0.11510870159299617 -0.18755662490001979 -0.1600278825041629 0.14421721648066396 -0.0702027520380617 0.016554016577439386 0.05448798864770841 -0.09414571515859026 0.05326466672307383
0.07447368955963847 0.20720125993761693 0.25340725011239906 -0.2126831528933566 0.1364967226553765 0.011713270240491987 0.14936117587784292 0.3283469859436268 -0.1251611166946967 -0.36717160586729386 0.2577223453498684 -0.24516312905874968 0.6271333873498509 0.15125875431671937 0.0011544522084607964
0.07475455225387541 0.3063875856120762 0.24181164542448466 -0.05796366965810949 -0.053551000388056574 0.5687938910763805 -0.5488861667069881 -0.06301521122335048 0.3428087896889721 0.21000837528169874 0.12727213398356194 0.11201108143486281 0.10056480423131593 0.08114298271849138 -0.0010385070334866585
-9.84563635786619e-05 0.06201908881519737 0.08094622829598307 -0.09757434453122961 -0.07063885550185253 0.10257385532709908 0.06264813762087516 -0.336063698916461 -0.1535263360702796 -0.17464346797157282 -0.21857602741077573 0.022043992128273054 -0.020219853387888207 0.3005714430600087 0.809086896932984
0.04655384801115865 0.15531244817893605 0.33350042905207833 -0.14711586193836487 -0.18604696684525532 0.08853531127409241 0.10905597284521737 -0.6294946419823648 -0.19694290376859377 -0.19203167026053367 -0.07107839675314011 -0.26836152158158016 -0.03650455764900108 -0.37064100773397934 -0.31431899581499395
0.02857287185517767 -0.001247259516461325 0.04559803061027244 -0.010383375075316099 -0.050030825404889456 -0.03443946178318095 0.1691930976383461 -0.20670959222890217 -0.03555503571536139 -0.09937937025768134 -0.1822407784166955 0.8163040209708013 0.34417366461495935 0.16402759207601764 -0.2566822597928129
0.0237118160701089 0.16229965029333807 0.3809999649602403 -0.35021458359001456 -0.16367445919375745 -0.458120967962405 -0.2692918651611921 0.2483426271464751 -0.21550879203677306 0.3702762766975509 -0.38774399378608637 0.01862292477036636 -0.01117073521712771 0.0028649211225722174 0.007433356081316858
0.030979858436564953 -0.006780459139160708 0.05950136242720589 0.014734859256833356 0.09680577809537211 0.056506030854511856 -0.006108292033840848 -0.08697503091181914 -0.08722316821167013 -0.0675351912129691 -0.1356984314646543 -0.23018971778025493 -0.28025320692146066 0.80522487099069 -0.40567386119557375
-0.10730100024453917 -0.13712244009389654 -0.294818827974093 0.2748391333970979 -0.18264337753885543 0.12748346037987165 -0.0437764385428206 -0.13991655574862802 -0.1044825241245549 0.36371433749860443 -0.36247755268033083 -0.32719483846450714 0.5899593279968344 0.06102286328091781 -0.05194835727480165
-0.03275327663822972 -0.11713190708129606 -0.1584502152093473 0.0635810007825409 0.05171217443552164 0.1971541479428092 -0.4982482216261672 0.232987494104697 -0.3039380868040972 -0.5663685660472471 -0.3942724141028459 0.05044896580286283 -0.05742342148526924 -0.17837444957794932 -0.07561424182589899
