-0.03970802343493006 0.15207075443531384 -0.015419522652289604 0.20965851874889668 -0.17540466335493354 -0.5451345082534462 -0.506642293374617 -0.3200523389121781 0.16737629147848224 -0.14741096575207438 0.3831699254256979 -0.032873237686958476 0.16706919269967796 0.13297435910196193 0.028390291569856643
0.15731831272152894 -0.00926393731207362 0.015237864313243222 -0.08357604640801546 0.09191577380207366 -0.16303022943204626 0.14214620336477615 -0.016916854381159217 0.7594120362879843 -0.3361553901127444 -0.43669831848130936 -0.15332370025963502 0.07402479949737513 -0.054327974590980765 -0.008776461703016
0.7847111925481447 -0.283453673148195 -0.47158558651966476 -0.19078356644309657 -0.1053122403105658 -0.07419144397075422 -0.06404564986328679 -0.06702526720173291 -0.11789634823551283 0.051413995561337605 0.05367717855999734 -0.010286403001561096 -0.002238329105270322 0.01059584035584516 -0.015952285143454717
0.49995008837673344 0.7778331454272804 0.324165309605766 0.05713421347337939 0.012910209126512525 0.15030680474057356 -0.010530969883507352 0.04568226429045419 -0.03277561086563062 0.07832031037563206 -0.0006226353298122869 -0.0063828407501314 0.04153825259763207 -0.023578219465560595 0.04680451024845298
0.23217719212113552 -0.3158932560590739 0.2817918891650956 0.7460379709148126 -0.33569277563246086 -0.0023915086220002955 0.13806299014688475 0.24499692656559696 0.007847211210764789 -0.08526447297939335 -0.02033016021575955 0.01133757658149568 -0.0937101006359308 0.01620413611162063 0.0403486687180081
0.1534378623084138 -0.1835114499199223 0.17257520632253834 0.2770058406966166 0.8306195483262452 -0.1953679218379592 -0.09429096151717449 -0.18602589638058442 -0.16035148788708756 0.10753194602645691 -0.11171264586419433 0.016471067971252765 0.047965638996263986 -0.09781051776173523 0.05270411491643175
0.07656688023427159 -0.17026363924767932 0.27242010865195293 -0.23362977743457994 0.10726533240881327 0.004704439248997898 0.14459822710701203 0.3339484985760891 -0.12737173743658203 -0.31967664821162134 0.3345322729268473 -0.2263273050068143 0.6275315743314328 0.13055826403802184 0.000201514090090974
0.0779529782347237 -0.27828050591981235 0.26873590954931875 -0.08368923479029225 0.002769892227376523 0.573690474601746 -0.5521746177008732 -0.07317357591395018 0.3461920208884584 0.20972523286860079 0.07415477911116211 0.11902828904902216 0.09342854774855387 0.07517461958671628 0.0006573122545294017
0.00245896546552241 -0.05597074761436462 0.08880132923336445 -0.07819687643788326 -0.0939778184844579 0.1016520170825718 0.08249927901861738 -0.3439933259548394 -0.15750909770765265 -0.19658784533931065 -0.17874908495711278 0.014842204024466392 0.0016012240069842084 0.30218694854365236 0.8072244793614546
0.05255552452665441 -0.13069088718971997 0.3517957165041241 -0.11212466226618895 -0.21144608444292223 0.09181426258601352 0.12936773436984372 -0.6252090047232244 -0.19689905774129338 -0.17526703841442529 -0.022178638384346597 -0.2763419432141391 -0.03889007495804287 -0.36566896751078026 -0.3185800685547069
0.030267542248913714 0.002349261551900253 0.04636528175977978 0.004294430495138268 -0.0651061355007211 -0.03497111699243466 0.1819335995438588 -0.21109271510875535 -0.041531162348101044 -0.11262693279233149 -0.15180154659105866 0.8178620008960497 0.33709331373189905 0.16007249735798268 -0.2611162315625519
0.02540645211683696 -0.12198488000574932 0.3968825732259151 -0.3234405945081822 -0.2239190973707245 -0.45157505642019924 -0.27652600843510533 0.25123997275535115 -0.2008354061834303 0.2764944060966188 -0.45996698898741795 0.014965138175955394 -0.0072870499285407776 0.003587289557870477 0.007285745933344564
0.030895465104995343 0.013895958137085824 0.05960316024581003 0.007967219016255963 0.09475195003255966 0.0509914184341151 0.0007778870191678926 -0.08515007191451765 -0.08787723486861279 -0.09009352861098562 -0.11897291739416643 -0.24050155503776297 -0.2507912578663966 0.8148031235604126 -0.4022088662728516
-0.11001039212245169 0.09163001979443314 -0.3026467790466604 0.2914987870901549 -0.12986008269544597 0.13761210751455558 -0.049821413999536844 -0.13184752755576767 -0.09851562035949069 0.3143409350257581 -0.39916261598161906 -0.3218603736610883 0.6086828134002793 0.04412686000586759 -0.05818907291196301
-0.03431234402118585 0.08851954090146415 -0.17313095923534252 0.0784221940670641 0.040421955351063084 0.1881290801931795 -0.4791098812720496 0.19406775408678165 -0.3088564470676009 -0.6527286900557413 -0.2979062590936877 0.048275838186980724 -0.051765761871443675 -0.17220279590233115 -0.07594924005621234
