-0.04024605877301153 -0.15322342399220015 0.009862471332775298 0.21292425943171328 -0.1645065955286297 -0.5496192698650298 -0.510780558026423 -0.30485004225009715 0.1597834563074139 -0.18881625381580763 0.3686500535239738 -0.03738308095263874 -0.16166979044587781 0.14434765033206282 0.032228673296203436
0.16091859948596351 0.010465797271759942 -0.00014160484149052958 -0.08474320699815933 0.0908373190185238 -0.16493645252658465 0.13409236514191328 -0.011582121666116798 0.7701331197288231 -0.2883923957877132 -0.4595338843286597 -0.13898120425784694 -0.06089107672974125 -0.05217205208980209 -0.007202231138058546
0.7887223323994242 0.2595126480671003 -0.4912583298901729 -0.14780795151116627 -0.10310207064877117 -0.07787502283533843 -0.059745434951302384 -0.06732600415065824 -0.1217506631852394 0.05268086646481019 0.06655138304430676 -0.01251629402591834 0.0008510791360567269 0.014014667294573901 -0.014494466229050929
0.49687885343582966 -0.755748643614007 0.3861323751624791 -0.0002596681291770748 0.005045882025450731 0.13885564362962272 -0.009369486419309377 0.04695340976802193 -0.03624844274215246 0.07497199112356588 0.005605521211430851 -0.007592918105229349 -0.04013162648798495 -0.022524726391559176 0.04600673188412449
0.23226516052780027 0.3163409778158824 0.3217753292996378 0.7322734515864244 -0.3291090133703604 0.00302486180048566 0.13958908742592643 0.24277911165925867 0.006220000610302632 -0.08601942917341134 -0.03234128261528545 0.014556180709009608 0.09619494709314094 0.007690686007187321 0.03821415444379942
0.15323030687251382 0.18587904670445202 0.18709255044234563 0.26200315922317763 0.8360883702776731 -0.17499556073185565 -0.097443523669233 -0.18974065015496427 -0.1543471802285292 0.11538422333009565 -0.10512857609531319 0.016665058606252444 -0.05335577392672618 -0.09516979831161146 0.05278038946576596
0.0700003538596749 0.19266509407408045 0.2413337081278473 -0.24933200135350608 0.10688271622589188 0.006311750495110238 0.14637795997235928 0.33504036717290553 -0.13387582308446108 -0.3704470780098736 0.26913799501141117 -0.23271811263843048 -0.6183202479021984 0.1681692923306259 0.009044590313090043
0.07762267339640362 0.28979871601014057 0.245604615543812 -0.10558478003967285 -0.009649220600549563 0.5748351732575931 -0.5632947571543939 -0.05925642032042055 0.337644884427746 0.1871760941930999 0.09712588408646766 0.11907394256628674 -0.0895522008900655 0.08065310721408239 0.0022894102095735408
0.002139025049865798 0.06309016375719372 0.08101176162224935 -0.08749281255788635 -0.09864033992674931 0.09345450304842114 0.08290901576414351 -0.3479829804353168 -0.14750306933930515 -0.17825663320142968 -0.19705737617857788 0.03177885385924928 0.034000967697825395 0.2918727899285549 0.8097206669964001
0.047264296834898314 0.1587886543016583 0.3326618941078513 -0.13816064418192342 -0.2170189224500366 0.08063295310025063 0.12537535600449953 -0.6312286566800573 -0.18074496052372954 -0.16773884439626988 -0.04245697142397285 -0.28016925244903634 0.014608549998891381 -0.3627071171595899 -0.3196249985489526
0.030583583184228574 0.0016004840113807276 0.04834682213730676 -0.0022923680521509285 -0.06668892108556128 -0.042392827478697916 0.18431824889266146 -0.2145060683746777 -0.031996117596793355 -0.0839841815117892 -0.14774484301137072 0.8199090511253613 -0.3335370234190286 0.17178944327547863 -0.25994948473794466
0.015205426294653341 0.1613305999323141 0.3525604605193484 -0.340253923597865 -0.2170448490062642 -0.4576245644992965 -0.27829549326810976 0.25670412427292005 -0.20227054992618698 0.31544022414234185 -0.43907854936271656 0.01896685379650306 0.013908319822042164 -0.0020303946769278537 0.005686465975954204
0.03066223049661358 -0.01020710622000164 0.06350245911579869 -0.0005556002045889184 0.09262895791627501 0.05028034769853235 0.001879896783235764 -0.08882088150924333 -0.08480308838710869 -0.08368248861125976 -0.13266419260024448 -0.22548961542940546 0.3021610196146864 0.8023375287242093 -0.39778811224835586
-0.10032969846055434 -0.12164576816748987 -0.2703710841175118 0.31134954590985064 -0.13038627144841983 0.14222455647380536 -0.05406868803792884 -0.13917974040014947 -0.08809904177374892 0.34572019373215707 -0.38229408634558687 -0.32066150725425185 -0.5991010134185206 0.0917605025888684 -0.0444509853516184
-0.027399183667127087 -0.10981004789872283 -0.17710720667019636 0.08938536169042156 0.03454596731305415 0.18722327913228978 -0.46131970515935766 0.17543240494640008 -0.3132450779687934 -0.6219409537607008 -0.36809956997688353 0.06679686852552773 0.05541554656689205 -0.18277957593993036 -0.08139135897043775
