-0.03935841423960637 -0.15262430683659797 -0.020279800708045796 0.22773928969726026 -0.16194464638756917 -0.5391500113605032 0.5359874493484595 0.25316868356829775 0.2203393266590004 -0.10376782995384871 0.3814647964332465 -0.03669436839082186 -0.1687797505663181 0.13937470117144193 0.022440807406016724
0.16756551472856246 0.008915560565250846 0.018897230510494772 -0.10041021817125305 0.08390434584778118 -0.17850824034886215 -0.06587053560413374 -0.175080785198474 0.7736269636731808 -0.22891127598079208 -0.45588748879025104 -0.1506159228430049 -0.05775356446123272 -0.051443417709656394 -0.010302650727524053
0.783844933413473 0.27845188341624133 -0.46657196253044414 -0.20287258923432605 -0.10359489365877927 -0.08069910218704882 0.06193765632205442 0.08362654544009891 -0.1256448058046419 0.026920675722510064 0.06493165493448223 -0.00754625720814123 0.002115942175277324 0.011154977177606504 -0.014756330790432138
0.5013675796464179 -0.7704638716691485 0.3336503081781009 0.07089950484745375 0.009748456705853137 0.15630483672739176 -0.0011976062169127756 -0.02527337491879894 -0.04798705926071385 0.08421896667077147 0.0016099889019465358 -0.004397971914696159 -0.03638738820355084 -0.02170805285868119 0.047827653717921234
0.23233270354180807 0.33042492697248554 0.2680773985892385 0.749137695771742 -0.32785544663971244 0.007835057206424249 -0.1534454682256466 -0.23148346782708465 -0.019161397381511347 -0.09286367470705945 -0.016952088118982533 0.009229401472871789 0.08873249362712499 0.01313479338246886 0.04096412375821274
0.153389154889681 0.19097270207006112 0.1694800896552321 0.2701021813624386 0.8352322603594702 -0.17822794893256258 0.09089315619709022 0.2171864734404501 -0.1291774494746511 0.08864207134118982 -0.11874313524257439 0.016879434742330755 -0.04959184501488237 -0.09626632195899083 0.05345288449419381
0.0709103824974255 0.1592158275149032 0.27362866724719853 -0.2175956773728 0.10973396092248035 0.023667026857629787 -0.1819540799524175 -0.26510903305393946 -0.11236352264718581 -0.3147063454616421 0.3405388336637687 -0.24509261251159215 -0.6469335559502291 0.1570723137491522 -0.022633736249256176
0.07606791223547732 0.28295553630027714 0.2642174336930465 -0.09698068304844512 -0.010709778005453094 0.5701854484371383 0.5828486217354308 -0.029799990866569537 0.2697228449778001 0.2563405726288728 0.05756629864249024 0.12290244115730314 -0.07955672997933154 0.07677551618885312 0.0018674990879099815
0.0011832747562843826 0.057793150687053325 0.08981366656410834 -0.08250893962220485 -0.09903706434307905 0.09087298728569274 -0.07643774658484882 0.3719976645329407 -0.03504969791368068 -0.20959537480412946 -0.17381798717715027 0.0172232295881453 -0.008188706158342314 0.306095616981189 0.8062651449193768
0.05012570488287279 0.13667803253652924 0.34731700529560344 -0.1127153967260325 -0.22087756179559648 0.07634724973162915 -0.10595806535742779 0.6624608789925671 -0.00040180527277091716 -0.16251459008610247 -0.03250594357784944 -0.2780551840601398 0.036547659010761256 -0.36829939307148396 -0.3146628181786879
0.03107567636688595 -0.0001993373323679431 0.04763458452221902 0.0028372558248494287 -0.06705263262142061 -0.041480440830468056 -0.17264947385818302 0.22061127778071746 0.04547971111135234 -0.10431884751061629 -0.15420061718625458 0.8161578307838178 -0.32969980587809833 0.16716816651605107 -0.26939539837897797
0.019007593150137017 0.112070132012013 0.3980093187880286 -0.30120515096594985 -0.21773492672905426 -0.4506437390393003 0.26592184001417696 -0.22743851553645975 -0.36641501180449204 0.1848858677607877 -0.44304040372017933 0.015131311470639848 0.00016159642648608109 0.005265108954702646 0.005273189691302177
0.030875870888905158 -0.012772790503152628 0.05947554233210938 0.0072572492557109415 0.09332700344860853 0.05298294315242236 -0.005245619009270158 0.10809100050630728 -0.05192283548651557 -0.09805825433675287 -0.11285668565159152 -0.23379237020880403 0.29305586847286735 0.8043526369745468 -0.39936626455320945
-0.10153226320715657 -0.09258046420324179 -0.318115629153252 0.2866742801105212 -0.1301145309706007 0.13992852122700036 0.05114362932327592 0.15242061039007282 -0.10644881930487533 0.3135592102473802 -0.4264907176467592 -0.31625894026435475 -0.5788282239025672 0.06713155709991339 -0.06534009128990927
-0.03414621194094535 -0.10534045122251297 -0.175602522087549 0.09204933544872416 0.05009173257870806 0.21848562983177167 0.4238851786034981 -0.1146507524536216 -0.2843382500648953 -0.7241832899049226 -0.2506026554130785 0.04140177555453802 0.025212447576255716 -0.1688933915005425 -0.07995865732150402
