-0.036956163012100286 -0.1525111161854044 -0.01823949385070265 0.22008916930868283 -0.17102375757523633 -0.5383495394701857 -0.538370900783843 0.2332484104368563 0.23141756491299528 -0.1504759292612345 0.3742790265882759 -0.04146234970046254 0.16039357596142445 0.13600809349002005 0.03255715373035128
0.16534956906295897 0.009465987684470614 0.012698420891702984 -0.08152423973756806 0.09573058347380982 -0.15853959000467377 0.12531885864192616 -0.16313917963610255 0.7625126891708031 -0.28256849132430323 -0.4429442264280603 -0.1558639207592157 0.06502142515273011 -0.055626039521589184 -0.007639639864418237
0.7771786419359732 0.281676939662566 -0.4771216801540916 -0.20792985732005578 -0.09924680379601007 -0.08317750916765658 -0.07264361993392508 0.07108694540274145 -0.1153777623523853 0.03499196435741242 0.060878264083513184 -0.005212116682113717 -0.006474921141317023 0.012907464458527343 -0.013940569146611759
0.5145843980980965 -0.7579189991524728 0.34326480331269277 0.0707285098454877 0.00870814970833774 0.15337431109551639 0.00015621106279606963 -0.02649909027243203 -0.04668416351727772 0.08394312006724222 0.00642405276041445 -0.00811050195115185 0.041132897328778124 -0.021773116535390883 0.04612821506319402
0.22734834631185813 0.3324905087234337 0.24904928359830897 0.7546045118173582 -0.3350092420763509 0.011566723294523068 0.16210489476540452 -0.21609169027186792 -0.04033820757567989 -0.09253405675581483 -0.02217289987828602 0.014137363879804118 -0.09174497719941999 0.014296536936002963 0.03831347334917289
0.1500815995059814 0.19346308824647737 0.1616793817518289 0.2802390684643534 0.8314413565599773 -0.18744576849415048 -0.1118884084316719 0.20413738068448772 -0.11875982978409015 0.11478486717195803 -0.11084647232661744 0.014799239617807627 0.05107397453467381 -0.09779255040916124 0.052861164637535346
0.070138274126042 0.17493223432429736 0.28262206192575345 -0.22271603945387536 0.10367476098595381 0.011189309730785796 0.17680793510568235 -0.2529525701669368 -0.17902109713758185 -0.3512802839909044 0.31841973144767505 -0.255432490229632 0.6199430960518335 0.14924717343571287 0.01394746175930934
0.0760246036521912 0.2856454912238115 0.25428945907795686 -0.08434948781591924 -0.0033465030007965896 0.5813920917083871 -0.557428681865646 -0.0554762425599713 0.32247577683206236 0.2226816228488118 0.08821263300453444 0.11430351447678501 0.09367875527105125 0.07625544546728677 0.001240829451002323
0.003702153216105514 0.061218847041021596 0.08750791740075914 -0.0802264018104865 -0.09545395667949216 0.0937686492850453 0.06576485926575638 0.3916847538571823 -0.04185604850509433 -0.16419714151460532 -0.18728733181613408 0.017788271324556373 -0.021328477007000624 0.29252643459507766 0.8101644517741086
0.05595229191814761 0.14754972089598134 0.33561481836949486 -0.10797626018395075 -0.21471622783260455 0.07597745717550092 0.08675494323841909 0.6736320755442461 -0.013058342086868843 -0.13027043782835096 -0.037610896152761905 -0.2792041604056018 -0.03234701703359215 -0.36890148863826644 -0.3224514353363868
0.03152647394011073 0.0029250335076013946 0.04587636004695644 0.0029417272956179705 -0.06514779102064262 -0.043108181431165356 0.16905314222482298 0.23377528080813356 0.034367729686568566 -0.08578109978506089 -0.15532544775792198 0.8016809397400065 0.3703919103866983 0.17184620273388598 -0.2558763142483843
0.024646983194899802 0.12941033605341748 0.40676950365700865 -0.3016072727462452 -0.22531570995372852 -0.44484163480791694 -0.2708144747070514 -0.2382190668258241 -0.28250128294724774 0.2494920708820443 -0.45272760666864553 0.017693398749547354 -0.008673272366852015 0.0031511151406727013 0.007955920004452409
0.03062871035870616 -0.010052192783060339 0.0600600387425818 0.008874247981355004 0.09342952475981943 0.051411612608420566 3.2294627326735656e-05 0.11535291802416699 -0.054508357337299425 -0.07903236232532469 -0.12568134241900125 -0.23343162622205352 -0.27276594602983206 0.8110989437528511 -0.39850996362168395
-0.10330660922360162 -0.0992338482997688 -0.3225671941087163 0.27661858354868274 -0.12959200105067545 0.1331008655886279 -0.06445537884616072 0.12750505384497615 -0.08010531506457025 0.33510942325294146 -0.39323540237873933 -0.34092073186263516 0.590983693455711 0.058224516451557726 -0.04198757183869516
-0.03497159108876252 -0.10233497564248295 -0.16064963950252037 0.07956563993973369 0.04032505392963297 0.21569562111148363 -0.4364225754989777 -0.09815684738861899 -0.32474610849642893 -0.6800278511695199 -0.3193864945170169 0.056306229696309995 -0.04185472909291162 -0.1656406481331036 -0.07517127387803703
