-0.038446787643174184 -0.15404489311054537 -0.012908255737939215 0.2236448062920391 -0.16621263242272669 -0.5361872505962325 -0.5390801980346882 -0.2770146909497345 0.150964818566901 -0.16822755111176235 0.3792954347740627 -0.04084580000321428 0.16151159147909575 0.13530556410473138 0.03350381633173924
0.160630677838842 0.009393219787183469 0.015315138473931036 -0.08072686528439812 0.09079880426299412 -0.16484010053055795 0.11492922186040817 -0.014369788132070497 0.775700558870205 -0.30091807816665916 -0.44163276147993 -0.1545500895777373 0.06877043893512186 -0.05059153753001014 -0.0070088605428906235
0.7813921994826356 0.2684214713698592 -0.4641081114501013 -0.22899558253756705 -0.10544739439998747 -0.09201166610466623 -0.07424373136511465 -0.04959479516711466 -0.12961068100056677 0.03641677502900399 0.05822966874034492 -0.006778030453411904 -0.009215993870735356 0.009814990260635292 -0.015515753021366598
0.5113772536227523 -0.7495121063557828 0.3596072736903084 0.08746972709054532 0.011906984568106965 0.15916301941260205 0.004975234120911287 0.031470822844883534 -0.03229705009824832 0.08745718084213573 0.004601364978586941 -0.007651016518164122 0.04271287262798037 -0.02170685987413677 0.04689997853843134
0.22641453813885232 0.3394940246793828 0.20996302527433974 0.7647865597669382 -0.33101414236944166 0.017052121963677964 0.1568780015697241 0.2275524569729116 0.01212175086220702 -0.0852544914606584 -0.025459331971164928 0.01286582010672934 -0.09126379422434709 0.013704883822964887 0.038722974246035845
0.14961023144521757 0.19793355819081268 0.14102625407595462 0.28572146165245965 0.8343045177159336 -0.1809091646046561 -0.09984309964764757 -0.18272725355806763 -0.15577568184417112 0.11587766722170054 -0.10945651927562505 0.015555724765887463 0.050200620101539535 -0.09821203939639739 0.05178576446629664
0.07126100977142438 0.18086644270233412 0.2809939024904909 -0.20974788905278471 0.10830091894264811 0.01791648622806779 0.1687789548408435 0.31055881824384124 -0.12758185263871488 -0.34209648205890364 0.30651138583361764 -0.2580680114671714 0.6220725616738492 0.14573790781151919 0.01431689121461547
0.07500894553805557 0.2927343226596365 0.24718276608172052 -0.07747169528269349 -0.004099463949942286 0.5842557233507419 -0.5556421994056114 -0.046364728480044165 0.32704172644473556 0.21314571063951154 0.08876027060234093 0.11665061305668782 0.0969844529790571 0.07763934834023024 0.003550328739571251
0.0015443839668053284 0.06290057511004518 0.08858227327461295 -0.07637829963291363 -0.09664875185231321 0.0908951746635286 0.0756172256282729 -0.364621259037184 -0.14002916606817525 -0.1775058451281058 -0.18410651679902254 0.019675034858748938 -0.021462179519144114 0.28519029848166694 0.8117254381523624
0.049425649024598214 0.15500968155795977 0.3448675063543529 -0.09372055071323288 -0.21474760938594606 0.07137194055074524 0.11103112773182983 -0.6459898072843339 -0.1668689143547232 -0.14343446939342686 -0.027122360306690536 -0.27741186642594484 -0.03267249436826254 -0.36308638530710885 -0.3255147776474496
0.03013683441496592 0.0039287156961004275 0.044820679041543146 0.0050735001586884034 -0.06616280360084574 -0.046487252264151714 0.1730129805404824 -0.2238286249014143 -0.0268993610338541 -0.09935678915382122 -0.1515870213216846 0.8040749403168814 0.36811443940304334 0.17242176068355164 -0.2551908910182103
0.020557841192042303 0.13592267331803204 0.4246669048716953 -0.2780588182668818 -0.21622149424038564 -0.43735322540488436 -0.27862788225969715 0.2822473819964861 -0.21883894191194495 0.2632337715275465 -0.4587788736623343 0.017084731560780102 -0.010385185379925435 0.0030765191636325656 0.006877120592786181
0.03058541018413714 -0.008613777013075629 0.05897202293583606 0.011397403396298482 0.09410103981303233 0.053021066670224666 0.005159152289093314 -0.09858232909940096 -0.08106537669023409 -0.0792069818986328 -0.12182980997276849 -0.2320511144692185 -0.27237197861094997 0.8155569881421887 -0.39130058053181904
-0.10277491345940157 -0.10645531699804797 -0.3340436976800261 0.26271908193901783 -0.13427914993766107 0.12907360489934655 -0.06074064375068825 -0.1300898399324202 -0.10170604983917537 0.33715848761436806 -0.3916271538745982 -0.3366831417029956 0.5882951863537963 0.05902635044419275 -0.04326347868612987
-0.031837766641336994 -0.10789666874409157 -0.16328240189123117 0.07572395763690042 0.0448894129683397 0.22488060075555377 -0.43533215039312506 0.1708341376745045 -0.31149099934301794 -0.661680170761304 -0.32699425931969517 0.04849052228801548 -0.051224402228291825 -0.17304125265704823 -0.08350805513812784
