-0.036452488388831326 -0.16398351478456302 -0.027880708149185262 0.2001926916473248 -0.22157219804164782 -0.5663883615255222 0.5118806223072603 0.24758114547818097 -0.10977623348149844 -0.15263888248512203 0.4002367953345858 0.005660655553315238 0.15769716995026523 0.12736399548676516 0.032511462369061446
0.17154361066665885 0.03245663092280809 0.02471213209779607 -0.07291059957761996 0.05177199998492929 -0.14364269875451496 -0.07649598908786334 0.07600554520536248 -0.7577557807330955 -0.36341596052912084 -0.4197586715462332 -0.17978076570756588 0.0997433069313909 -0.06254435994287932 -0.002587220888989661
0.777477379389332 0.31700567647773814 -0.4544481038902849 -0.19930941938365204 -0.11049321471708193 -0.06724783387943056 0.07033425951733 0.040872754068778584 0.13688780199081216 0.05571473991022429 0.0563601403913194 -0.0014760863716361953 -0.006313922850985921 0.010743060374479191 -0.01625313158235197
0.5210958978080675 -0.7666079338427036 0.3262070517391778 0.034683276121704396 0.03783147170688461 0.13205454945533943 -0.0017261240947188295 -0.04163446884583271 0.031214564227384445 0.08437956425089162 0.003969621470967881 -0.002032165093651573 0.04085063791495264 -0.026581965231613255 0.04540721374406226
0.21571338736979118 0.27860598832614014 0.24212943711400894 0.7610611687106388 -0.3626454254392681 0.07966808516985116 -0.14301242430563676 -0.24037127168334052 -0.03678413654036846 -0.08102915797050754 0.002147162219685605 0.016453267954579003 -0.10639948651055053 0.027772435337405605 0.040370588676950384
0.14964454918749112 0.199007668155722 0.1684376983523085 0.3323216553702849 0.7853533317053523 -0.2694415853356196 0.09264190437644733 0.1671745500474829 0.1636759237129281 0.10876117935667212 -0.1327841228683161 0.006775764563041883 0.05422641463702563 -0.1072833109379167 0.050383436173386476
0.06934145843016422 0.1865001238863003 0.28639167969253837 -0.20381433236398086 0.1035899008781456 0.0005352055832317529 -0.2223651087669052 -0.2982543233514808 0.11128586666581497 -0.3059277711128625 0.36563709204031714 -0.15697394455495461 0.6448900339615572 0.08661006358166719 0.004883240349477559
0.0622442931595719 0.25185628345216005 0.2586974550657104 -0.09638516982796422 0.0952814893928984 0.5108558070688465 0.6088339931186884 -0.05171572634873137 -0.3334665309792533 0.2090552434016787 0.1420115720733658 0.16690177200126805 0.05051253046814448 0.08701436418701838 0.004847203608734639
-0.0005912632475626079 0.06295026702656129 0.09312506545047246 -0.06775071672495221 -0.09195752730068205 0.13781958548249643 0.02391708159957005 0.31304639848411325 0.1956281952962928 -0.19876892071539368 -0.2037402599222992 -0.0053208010815459375 0.028551796211870376 0.2848830886275654 0.8096063976795834
0.0435845343891094 0.1458061883408594 0.35331537011586117 -0.07807542591784747 -0.22276898574132958 0.16664302393802136 0.05945124891582528 0.5866808226441157 0.24644416249765488 -0.1773405464592461 -0.041685782463764184 -0.28671759444880396 -0.021226919864280717 -0.37292707932260916 -0.32424434787209655
0.02929442734563358 0.0034058063861352257 0.04856894725633758 0.011394125820579842 -0.0787412769246323 -0.004064313447223028 -0.13424378544836835 0.24511838564144284 0.05201010235543825 -0.12367267017352675 -0.21582614805198763 0.8182214046971042 0.2924734300377803 0.15649859286661438 -0.26119083787993946
0.01525608245416916 0.13838940925834098 0.4126848545100721 -0.28881413313116255 -0.26298851197847845 -0.44540386325128684 0.20068182071420168 -0.3269168480532814 0.16822538646625354 0.29661669519936873 -0.44254422424186945 -0.0015459028423859538 0.006683297053278876 -0.0007333383791065518 0.004860471588110643
0.03063908292677288 -0.010030162876404307 0.05990311908480549 0.0140813221239348 0.09698779419643146 0.045379112174668286 0.022998518047786725 0.06975321235709214 0.10126837070911164 -0.08575624367285578 -0.12593008813200363 -0.2898147806923457 -0.16304709427969044 0.824607181786244 -0.3928000343224401
-0.10269195513231272 -0.10670819694312919 -0.3281157754554056 0.27592278182359126 -0.12514689817910765 0.17965918498440428 0.14592928862795532 0.05393087682179327 0.07308239581483801 0.3216417215431636 -0.3495935488783287 -0.27638059106370755 0.6420178806899767 -0.005181579794486812 -0.05021147033066141
-0.03388783362778463 -0.11208820699365898 -0.1797644591537489 0.05134746035700032 0.08927893378696754 0.13110556007309532 0.4402172212318642 -0.367753657228482 0.3109808948477373 -0.6274335635952805 -0.2553013663352396 0.052192891479810884 -0.07180343759735343 -0.16419988050311013 -0.08210031840921517
