-0.037718715734582055 -0.15318813777722895 -0.009891030237435358 0.2103718825569994 -0.17215756834276652 -0.546947185404803 -0.511866925115286 -0.31018728125216677 0.1562671657715516 -0.15923816942418398 0.3801446678744293 -0.0421230513737426 0.16484983369175663 0.1394917511219031 0.032391712997895894
0.1629129693095536 0.010589337392161016 0.015866510795890475 -0.08258427316798675 0.09312357609382338 -0.15704510046776846 0.1379713609529283 -0.02734658059696363 0.7685230303329224 -0.32683262282528813 -0.4310044555160108 -0.15260592697765385 0.062496259784845735 -0.05215601326508158 -0.005438086126199912
0.7795150868655648 0.2727147089179098 -0.4823975917914067 -0.1987339154757926 -0.10438266116852571 -0.0722602097744909 -0.06151435158741645 -0.06961955893378864 -0.12243060072979264 0.04518036916975579 0.059724404732721545 -0.010671527912471728 -0.00259352998310118 0.01193741406915556 -0.01309590856717988
0.5118099187036863 -0.753720600618283 0.35981377571259915 0.06339329141025538 0.012454341923738945 0.14747368131562782 -0.007131808514796389 0.044621682517717205 -0.035793333275496435 0.08420828539687922 0.0015984851120173131 -0.00436654940974603 0.04071556473660609 -0.020810748219148252 0.0451772263059902
0.22624976618087692 0.3295390873306359 0.2453307765814811 0.754963263488893 -0.3343775581179428 0.0009049963376578566 0.1379777449561681 0.24885653293020646 0.01471307679725081 -0.07819266903769552 -0.02166258770298507 0.015348464065058076 -0.0936050817417493 0.012533268188762096 0.03643221482971292
0.14969890816392475 0.1932485057411572 0.15422774496680675 0.28204579057306767 0.8326297736828101 -0.19165647691537036 -0.09781918428026279 -0.17867988322444073 -0.16282741900586442 0.1041516773022357 -0.11408987134745875 0.016394980966377926 0.05029342268597857 -0.09663401836149582 0.05381813538800726
0.07327506622008084 0.18437618084709875 0.26889582969005144 -0.2263927443240743 0.1064231721392987 0.002873256211866706 0.14119333832086506 0.354389588045459 -0.11927158856018968 -0.3075339339225598 0.3101420920606814 -0.24755373454339913 0.6245609792202416 0.15429979414635375 0.007564144687509951
0.07468350366442834 0.28885796327016217 0.25482310951926945 -0.07665213153705593 0.0004294079000205407 0.5781539830040646 -0.5506860376182587 -0.08777759903527388 0.33846950024850225 0.2103615102380391 0.08427965902983818 0.11838777478537382 0.09386658492610492 0.07878796393279693 -0.0002842315734186603
0.0018245829318025994 0.06088270436901051 0.09574467384513542 -0.07602672566621424 -0.09172543879274177 0.09782643426351303 0.08022557353381161 -0.32879131427144387 -0.1623192095796247 -0.2072916259559492 -0.1798040516047638 0.024877347616152963 -0.02203041605361657 0.3033923287447337 0.8087159300449264
0.051101873185004615 0.15076855934089625 0.35322723464540606 -0.10211686494913134 -0.2090624925629687 0.08494788121125163 0.12328757683402948 -0.6126265645301723 -0.21218941631169566 -0.19311980438048687 -0.027645509293373408 -0.2872412006449205 -0.02562404646974208 -0.3682404242746473 -0.3101237069014032
0.0298720303983023 0.0026149440116057334 0.04803371912002224 0.004834742831689796 -0.0649074103550003 -0.03880376114188663 0.18115372617823525 -0.21465746155170465 -0.043843803681415286 -0.12269384304578566 -0.15139049463028348 0.8044053769593321 0.3558655095281289 0.16780818666603775 -0.26531869492965604
0.029020060216267057 0.14444048680962498 0.387615121961756 -0.31071027129902984 -0.22366984390111666 -0.4473426948404884 -0.28188513768322976 0.2528056470161676 -0.18730845587446504 0.28908656671458255 -0.46740361949774734 0.02354832412409108 -0.017201614834224346 0.00020025600504142705 0.004765633464691009
0.03050838701491847 -0.009423842822754781 0.06084014839746062 0.009197482422428911 0.09468346173378941 0.05031587909665873 0.0010736612087686337 -0.08296236634520483 -0.08923771255659324 -0.09021858229226896 -0.12097455288639625 -0.23530937722476392 -0.28170633467325124 0.8045280310712439 -0.40507016726929423
-0.10785468366092096 -0.11183378442086465 -0.30922253962091184 0.2836244354495683 -0.13139382889125598 0.13789878586317128 -0.04970196823062008 -0.14462041034872816 -0.09516076539610475 0.31635108629145836 -0.4086148948324043 -0.33234044123616957 0.5894234387138053 0.0668454150630743 -0.04117315245977624
-0.031389352035936964 -0.10332159296433688 -0.17451221875387168 0.07390176270225422 0.04050930994700257 0.19559433854787667 -0.47638308498077037 0.2187320317034657 -0.29625732232776286 -0.6448203536551542 -0.3054483838983087 0.04931174468638298 -0.04710666086321806 -0.1737636940865715 -0.07769018841989961
