-0.03672357800721028 -0.15283256402129256 -0.011200867707051311 0.24553327001441774 -0.14497856013578525 -0.5435631436347471 0.5447881799917739 0.24778781652684473 -0.12557271042460993 -0.17409383148986265 0.38768185070330763 -0.029581852636457802 -0.14430613185767116 0.14641527311136943 0.026414767617505514
0.14972970712395192 0.0018516990600009808 0.01130488731719772 -0.0675590748028716 0.0917685969943674 -0.14785491301262504 -0.07015312116961253 -0.0837536031058946 -0.6826322227412195 -0.5220215635664668 -0.4138190067888494 -0.13122868498084167 -0.019628134583538907 -0.05760220079057992 -0.0017888858802983653
0.7824770474431134 0.2917053081236252 -0.4655484748842905 -0.19815948569430605 -0.10155948166354811 -0.10731337732233437 0.056942675428584937 0.06638271230722292 0.0946425771217222 0.07136349408410979 0.05124232134309177 -0.007747410438302557 0.006016803888633467 0.011791264501060439 -0.015636423770618416
0.5179498358942646 -0.7551097711486039 0.3451377166569801 0.057840728943427004 0.007059330138904408 0.16032523796548484 -0.0037025297251164816 -0.023742137741528804 0.018703668556439654 0.08608962609371316 0.0015793531431696087 -0.008405229343443954 -0.04996654267833695 -0.017717360163030577 0.04577379505831105
0.22762382652856086 0.34711828737235917 0.2961635184745321 0.734266220696154 -0.3255338781846592 0.024536902787359267 -0.14487755358093388 -0.23721554629116337 0.038568245875434594 -0.07003240782369433 -0.01968808238399874 0.008319391517718518 0.09200500327697135 0.007011846053823663 0.04047866163353563
0.14981882102110541 0.2004472403244447 0.18052382225878555 0.25818859280299533 0.8423555371564303 -0.14870819781787642 0.08630712924290862 0.20849364452462926 0.10410337688487593 0.12428996620080375 -0.11661166582698662 0.014616854788238908 -0.06657909230437897 -0.09066232946505728 0.05272238682013788
0.06635835550679962 0.16855485860981456 0.2663978669896375 -0.25068265058950046 0.10509262913695418 -0.008448288179567234 -0.16474374629350397 -0.3280723278204908 0.19066808057426138 -0.2920996363279776 0.32269137783924373 -0.22815830943970788 -0.6115005044944117 0.18874270936814408 -0.00832427932394591
0.07077218573992253 0.2859684339188725 0.26103934700581516 -0.12876270368849144 -0.029180754471249414 0.5749858677926939 0.5661452867297065 0.036476406006895855 -0.3455913181621659 0.14235293294405924 0.08437402537968529 0.12152440936066176 -0.08348635923551956 0.08139870668070937 -0.00032084755866846823
-0.0006997163956493877 0.058680686927310904 0.08707608968023534 -0.09063497865234876 -0.10397816327242038 0.07435201206787533 -0.07375635409683287 0.357996674253317 0.1545567299978966 -0.18297826434580547 -0.17088407545464543 0.02100727024926624 0.022423126177383783 0.3100447861718186 0.804472359543444
0.043007474807590686 0.14004856426661874 0.34370732957699435 -0.13456902315996314 -0.22578940263334202 0.03959081549029949 -0.10830214229547418 0.6422387076363394 0.14857569156012573 -0.16929341357057642 -0.01802118489120107 -0.27934066179525086 0.00410935060850713 -0.37408418277962957 -0.3106415631030376
0.02952179625605558 0.001759813746051113 0.05073950361169271 0.0013260188787048743 -0.06606572836589833 -0.05132872949211252 -0.17216405336054247 0.21392743611266962 0.023392671295875613 -0.13286103407849295 -0.14048487641561633 0.8236858729612768 -0.30465505021797995 0.18203551368401885 -0.2679534769166553
0.010846065694892368 0.10806600910866052 0.3903916064172036 -0.30494257173699657 -0.1976500982077483 -0.4634031276856811 0.25573902191096615 -0.24781168321994967 0.15999337383685083 0.3219061800049272 -0.48236322620222016 0.01330858221212252 0.002270710467694798 0.010228145117225638 0.002187361118792808
0.030417088352464323 -0.010197768342819206 0.06086649224219851 0.0033096498455932794 0.0921555990981402 0.05697014235672617 -0.00527182543216572 0.10296935193974015 0.09356749393164485 -0.07616576015891711 -0.1127437601079549 -0.2399418273915882 0.32954893545710645 0.7824891724420824 -0.40884624332738867
-0.0875295353759751 -0.08387526749663046 -0.30026396464627947 0.2860624149159733 -0.1325561383306826 0.13673226653504864 0.03538158906091489 0.16611508295791574 -0.02446062688045235 0.28767866107566553 -0.4138741364366916 -0.3129901956641651 -0.61598112758987 0.1096065008715046 -0.06435925586940501
-0.024365698728481162 -0.09284234247033424 -0.17297402732606545 0.07841354993162779 0.03844615032787691 0.213652334052254 0.4532514494410737 -0.17863012011932017 0.5092781024178329 -0.5355038569734413 -0.29095424145389165 0.04497805578380185 0.03289824436432438 -0.17510583451365977 -0.07547569378090023
