-0.038472233608027616 -0.15277838900860458 -0.006365613460515078 0.21328061525639183 -0.17582304507609625 -0.5551250420928888 -0.47318662016078944 -0.3073510435594072 0.23621393356047266 -0.12144195972360373 0.39268762802942503 -0.02524771606641604 0.16550442552356673 0.13721875742950387 0.024388882254214747
0.16298820985795115 0.007428644423667982 0.009985563225842882 -0.08312956070110743 0.09231215967369626 -0.16989132539889676 0.17538682327798585 0.10206624022334586 0.7988895767528815 -0.22013856081760574 -0.4133934220734088 -0.14822947014017232 0.07323971208207003 -0.05279424270519424 -0.010190406675776103
0.7789373043532031 0.28070970513585275 -0.4863387201803421 -0.17777430263307406 -0.10237628110869659 -0.08191370361290005 -0.06156302676638335 -0.0810525609689561 -0.12059581501959339 0.02748210171449194 0.05505454087784136 -0.011293107716935029 -0.006304315646098737 0.010507491699510329 -0.0131185815941652
0.5096872950402318 -0.7661816973601147 0.3365276470607232 0.05523790960649852 0.012163588645042144 0.150203094934317 -0.009981406430701164 0.03434633122295346 -0.05048859639412622 0.07736841642336587 0.0015888704777911984 -0.005691390330326419 0.040630945174578784 -0.02217095585932477 0.046710285838844644
0.22682882615051603 0.3273874740816656 0.2926353359928661 0.7384067559029367 -0.33535220795306503 0.005344942227541824 0.12248958921478738 0.2502255889042161 -0.023948927480735623 -0.09214400042354898 -0.028049820516892695 0.006048161110010504 -0.09259011121173957 0.014125802790291755 0.041473174316898474
0.14998128721099038 0.19106098622627532 0.17976897255789862 0.26990854197316805 0.8287012778407812 -0.19941802951470697 -0.08985176676819948 -0.2109986510839329 -0.1394084360850457 0.09383995038559177 -0.11529168580763666 0.014686077901141731 0.049666814970455345 -0.09768686245655209 0.054485426644620985
0.07478924516799726 0.17686057599623986 0.2724878595692191 -0.2441301635069849 0.10381549137534689 0.020449036057557587 0.10820166422887578 0.3123149787482389 -0.1425964382924844 -0.34285005806665225 0.3169751421671974 -0.252811435422425 0.6233406438951511 0.13412867633616413 0.004779162241863036
0.08464960992982874 0.2748511671611955 0.23441773222203385 -0.07753861878913205 0.00921881088643661 0.5669899258290418 -0.5280131884409234 -0.04622676057522684 0.3621591940905009 0.2745334824455481 0.10217757034355499 0.144052578675732 0.09653696633428033 0.08161549478666726 -0.011409418376800559
0.00195551924441902 0.06019072941027729 0.08847220428859197 -0.0823418270039915 -0.09557368692341274 0.10733305905818497 0.08073803321237688 -0.3629032975817205 -0.06468819452872072 -0.19821884879871057 -0.18679721831964238 0.020866191091555606 -0.0012065663561527293 0.3096727313534198 0.8051031402562898
0.053852135509245204 0.1421283986656648 0.34244357158766003 -0.12021020181794198 -0.21527691665335472 0.10173538209442552 0.1364913634646001 -0.6473023167859737 -0.06916318188622983 -0.17459535856958286 -0.027583346192393443 -0.27953750209685363 -0.03889063547251118 -0.37344462556776675 -0.3093775074227659
0.03156909087064611 -0.00015476320785828585 0.045020440726728304 0.0045701838013364315 -0.0652815513706881 -0.036648887571710885 0.19426111389173417 -0.2008115599505628 -0.025157276521630786 -0.13702927318738176 -0.16819857772377875 0.7984032395463847 0.351723334539771 0.16707274636682126 -0.27661732704199987
0.028147704853536872 0.1311462252856593 0.39040991876747944 -0.33511762742434675 -0.23038356052893846 -0.4382089597725768 -0.303262395764502 0.20558731031144065 -0.2329330183108824 0.2696611764017819 -0.45902774392537815 0.012611360879167728 -0.0071672583041543425 0.0026163308748696295 0.00693348514610544
0.030634551437862506 -0.01072117346294991 0.06168895724985881 0.0059131211991904934 0.09400349786579694 0.05243242324280288 -0.0021757633893983506 -0.10053942313672769 -0.05640885703480575 -0.09112665857540185 -0.12314941360484209 -0.25450732320831554 -0.2655476534359672 0.8045468007049403 -0.4051795510843364
-0.10875611098485873 -0.09937143516506178 -0.3046182610241675 0.2988886768444128 -0.12807061789009566 0.1306422343371514 -0.04584430603693906 -0.14873868997929465 -0.09784616087612379 0.32079792178264394 -0.3900013161347176 -0.3327184015528065 0.5985331788259393 0.047822318432088444 -0.05157175405920543
-0.03558697163285691 -0.09617262309115049 -0.16367785905833793 0.0794619883603582 0.0425537896261872 0.1922321079744112 -0.5204817628989714 0.12262097737152089 -0.20191598587698767 -0.668845782477369 -0.3239725896724791 0.025587452395046242 -0.05107653882665731 -0.17472036039113079 -0.06931700444007044
