-0.03323769617256161 -0.12931794472261074 -0.03008784861022756 0.1698469078212034 -0.1514999040091678 -0.5030960043288358 -0.3984345454807733 -0.30044304807973465 -0.23051779391350133 -0.14599459326401232 -0.5465002419874505 -0.035347266002780896 0.17223967157365203 0.1471323568268743 0.040812965692167115
0.16586615013028408 0.015292166319005474 0.01760076343726475 -0.09641243563430944 0.08755763915878335 -0.15892488648670972 0.12021480773110091 0.2783449080913902 -0.6842485529352934 -0.5086286200906666 0.27966512569661023 -0.15960715258616412 0.068855512632632 -0.049622582004462734 -0.002968900803038713
0.7797356703810673 0.27312582993305956 -0.46576640591656454 -0.23622158229201387 -0.09898851568585776 -0.06672276270608837 -0.0418660248969083 -0.10866318059224493 0.10076504393494344 0.06695034387434258 -0.041897424939082176 -0.005663882274498059 -0.0075564109080786665 0.009264997088561794 -0.017266281011352944
0.5140881120972475 -0.7502997210288882 0.3607687213691802 0.10269150932016229 0.005720642625736189 0.13943833560503482 -0.02083354330042181 0.0026309882725411736 0.02277974456321154 0.08252556552189032 0.021242605751129438 -0.006714908677062521 0.040449142804779424 -0.021962892735369804 0.04693789055445089
0.22634798565276962 0.3499766415935294 0.21985120114977116 0.7586660524949864 -0.3418704496604032 -0.034299330788611575 0.05433235860161153 0.24957950065770243 0.07280075179121476 -0.047139228437448735 0.03497239222486582 0.012298118641295307 -0.09237623411413894 0.012973606673767348 0.03850165883291668
0.1496388681490877 0.202861799082435 0.14638068127886875 0.2804488018154918 0.8355961954060798 -0.17334736512485227 -0.04874460531378822 -0.2775829193742054 0.05158929495120128 0.036935439390880745 0.09833837477239708 0.016062217287917877 0.04913815069125775 -0.09814156734106677 0.051743627290545366
0.06905847659280237 0.17622239713029691 0.2806721021891643 -0.21497826197775396 0.10674355594307094 0.005111926604095838 0.08557035762991169 0.3889864495461275 0.3132318058856568 -0.10219383968688887 -0.29047215309148444 -0.2560309015909897 0.6243250935387377 0.14383025091392387 0.013358369890443401
0.07210498055443441 0.29032546402411424 0.25161890363130446 -0.07865800510382528 -0.002866038890318131 0.6098072087196429 -0.4969860948532311 -0.08682025906643276 -0.3933886947316172 0.14748864594942201 -0.09029769505123096 0.1183364579981787 0.09687679733327574 0.0807522574796944 0.006005217758404706
0.0010148727950633515 0.06279668435651573 0.08834295213497105 -0.08017769787627088 -0.09470230920203125 0.10983766873725691 0.17809340375607088 -0.31308493009941923 0.08559204670551707 -0.26757723061969746 0.0881331805774112 0.01969467493878353 -0.020058284342658675 0.28552414349847904 0.8136615079032997
0.04702320980446967 0.15427484314946766 0.34529437938166346 -0.10364507407619256 -0.2101678925207491 0.10938533165101076 0.3049499952409006 -0.5593725033250678 0.03794939383703566 -0.24636551789934555 -0.11057810158636441 -0.27377386549408084 -0.031836921604232286 -0.35702745223734184 -0.3227875891181748
0.029646012806952875 0.003933123108898268 0.04580242825779804 0.0044009178821236205 -0.06557262177850008 -0.03863602073271378 0.23021871849613687 -0.15041860785286174 -0.004378227533939453 -0.17127361845959627 0.10412558005650945 0.8032852818032067 0.3675436049323436 0.17428513098164988 -0.25424924217602946
0.016789269965015105 0.1304123393859362 0.415423401175814 -0.2951421612925042 -0.21427921377548134 -0.4552263747912217 -0.38722302778393314 -0.03427962229665241 0.15303931090689374 0.14967317430081045 0.5220003815317901 0.01488200767381025 -0.014638873990500123 -0.004162252280529629 0.0011232918818804396
0.030466200384808205 -0.008822856909897838 0.059468605131224525 0.012333970269255739 0.09390295559714532 0.05491997658138994 0.028444491903135735 -0.0999137532985335 0.06502258614694773 -0.1214392185260074 0.0840390497163563 -0.2340552685797985 -0.27073255132465734 0.8167331012943612 -0.3892436070977905
-0.10159814409452486 -0.10694616588551235 -0.3254462599774184 0.28255419619257993 -0.1368830345891467 0.12341589664810969 -0.04848413289622629 -0.2740481190955245 -0.040170113110768915 0.1524850616209861 0.44086827505919884 -0.33952765211849256 0.5845451581192576 0.05307465914502238 -0.04524937057731438
-0.029876748684234677 -0.10116094726720282 -0.16936005948940636 0.06777916285577905 0.04628205971899386 0.2088651518683227 -0.48389266802511477 0.04947027178035008 0.41123568700936897 -0.671474080589053 0.1129075028316728 0.048422686785243474 -0.045570164766745566 -0.17046454949601092 -0.08373171906253188
