-0.04047215368070849 -0.15357698691738633 -0.020371903072981548 0.2280791215754746 -0.15996390195821472 -0.5514792994792849 -0.4951346184755245 -0.32352147908183954 0.20519799091179242 -0.07650369987363718 0.376817485037254 -0.03531700956641754 -0.1738630838544876 0.14352056727955248 0.02782882113131882
0.16027999602054016 0.003912523701680447 0.022772195284511985 -0.08038981215850335 0.09732737066928464 -0.15935371409708957 0.1494296613383893 0.04913504861642074 0.7689064831836617 -0.3521230309468233 -0.4026512856179362 -0.1487422032514842 -0.07408096949931864 -0.050939095724921904 -0.012701540483285869
0.7846107215877645 0.2739439259361841 -0.46395816131927403 -0.2168743949209587 -0.10470273190458287 -0.09136685928716773 -0.0635705171580527 -0.07017268278427362 -0.11533210144243819 0.04940201479083744 0.050266116737536275 -0.011308198383085897 0.002281130528276837 0.010309926999826467 -0.016277978917573162
0.5002789011739119 -0.7694511214840952 0.32880604730019874 0.0842841237962669 0.009669783083195962 0.16752817753735635 -0.017587593039808322 0.037289653073825264 -0.03899544289072122 0.08168036988290125 -0.01032312676315846 0.0008653437620442648 -0.03901197254910691 -0.02162176904709678 0.04796506788588671
0.23246648902875663 0.33306196269926197 0.24660760370103293 0.7541412209626015 -0.3311315505333563 0.008366049265497546 0.1403996454565059 0.2380699821348288 -0.010895547947500422 -0.0964410826776919 -0.0008680406039060389 0.0053261495813902 0.09029081249172324 0.011894375580902854 0.040431101872843225
0.15348441012305766 0.19159727317036404 0.15794307053671872 0.27703739794387416 0.8371990647113275 -0.1715562447464195 -0.09357160843117862 -0.18978594307799893 -0.1480201956281952 0.09805755179524156 -0.1297590059672709 0.023310250499661143 -0.04192661982019284 -0.09706121951180267 0.05333260958210867
0.07330838136845652 0.16089668682792674 0.2779091731510377 -0.21106733837642672 0.1046874622046973 0.018809098901445158 0.15022640728871492 0.27584127025381566 -0.1387176968934835 -0.2684504052386202 0.349140760388677 -0.224431554508737 -0.6655793211094125 0.1743653139065398 -0.0030777688796420695
0.0766590562019536 0.2927027955266488 0.26443332941207054 -0.09521147102908464 -0.014034464964435018 0.5544195961821369 -0.5617190101835184 -0.03365113088144276 0.3463495095821117 0.23222392808815073 0.044800277810365795 0.13335731865674197 -0.07457668659689952 0.07719607120342248 0.004632746076038645
0.0026561910872304694 0.059133315865793665 0.09129014676741255 -0.08074186325991689 -0.09759063967962904 0.09329206691430483 0.08107528108771656 -0.3608085447996196 -0.11731093622377342 -0.20500638724228287 -0.16834375194418047 0.013990785720860365 0.022021517579092677 0.2950282513094299 0.809202233399836
0.05196469039336173 0.13585926306335397 0.35247768525364515 -0.10156109284782697 -0.21361218317224862 0.08599078197527249 0.1258636918759046 -0.6499157448623507 -0.13299582680673597 -0.14428518433209078 -0.028446898236995446 -0.2755672134578016 0.015421905032712822 -0.36575135084867144 -0.32212657194435207
0.030369706842374992 0.0009826124383850064 0.04730561343791897 0.003960871467700947 -0.06475112037445134 -0.04050651043914549 0.18550747731463915 -0.21468661775299006 -0.019357456452780246 -0.12189785241652377 -0.1414814841535981 0.8334927525377541 -0.2917560991971953 0.17362360240142352 -0.25545762797195914
0.025097514648125433 0.11250955432846019 0.4126036207385089 -0.29731500610845046 -0.21273149788165072 -0.46862504958527484 -0.2715107403716542 0.2687731140637555 -0.23894180694208497 0.1897893280621275 -0.47268327772163854 0.017464651306228506 0.01949910340565121 0.0006969825999687754 0.0049179179261440165
0.03106400253638108 -0.012377891026337283 0.05866625412529025 0.009432512220078047 0.09373410039116457 0.057333693476889346 -0.0024681206584308956 -0.09575677407831847 -0.07628792852102213 -0.10071031597884979 -0.10984679271927464 -0.24137571125871707 0.29051881724066164 0.8028709170916863 -0.39850792739098906
-0.10693819803744761 -0.08648123040582839 -0.32204800374268183 0.27811259831832147 -0.13231637889854916 0.14139505705461375 -0.05558337884744222 -0.13114457912002803 -0.0892415877286847 0.3008408634514764 -0.4742169419458331 -0.27731566974596666 -0.5772753125276291 0.07448409643781335 -0.056439735251919906
-0.03563934238987011 -0.08860007204238862 -0.17482956854147974 0.07486210051426859 0.035787655965798894 0.19026093317457035 -0.47744784593189443 0.1393455339992104 -0.2965192068101109 -0.7083515178120041 -0.20726655545097838 0.03820969015757812 0.020399138738950856 -0.17087263165511213 -0.07834571208064293
