-0.040723867632881605 0.1635652320762357 -0.046551397816560494 0.20083273279630262 -0.1251922430583992 -0.5764662003375443 -0.46748057782631935 -0.36724671427698535 0.12189225872165281 -0.21068353159329106 0.34320679349853794 -0.04062648600875593 0.16482336359604927 0.14316332519704505 0.03665212211652757
0.16117998779061682 -0.0107571980979888 0.012359280328950803 -0.08069085863767134 0.11424506457412291 -0.15108748654206064 0.15232110358828377 -0.015422125162191672 0.7824324808416571 -0.2822181138903383 -0.43197942590964783 -0.1407189945834654 0.08215136625227928 -0.051774678852739515 -0.015408723434094537
0.7841828392512928 -0.3277483867301353 -0.4456765562399327 -0.186191692438392 -0.09153346699294498 -0.0897759708710659 -0.05358739475898619 -0.05769026435372995 -0.13105628297054106 0.03989591208134381 0.04938231028845277 -0.006358257954944716 -0.007728994497368648 0.012321266566085957 -0.015729920995653027
0.5055419361610461 0.7953212151586649 0.2702157992331525 0.043360314380068266 -0.002924856626521821 0.15590940302478093 -0.019410156382435834 0.020489212585992924 -0.03815130038238438 0.07779887042358621 -0.003708792682732576 -0.0017112651753477418 0.04304821657615433 -0.028176407914063596 0.04135254885344539
0.2201635814742181 -0.26108169953147486 0.2783578575695084 0.7512858981219986 -0.3513265566107995 -0.04372574248419066 0.12369220202665226 0.29276664126066393 0.031665665470941066 -0.07148678945518705 -0.003141791920202874 -0.0030600533521911934 -0.08095377026993761 0.02619870252982152 0.041523412757261395
0.15410969130657287 -0.18464596442539882 0.2146280757434914 0.2996931996272091 0.8213397085358158 -0.1289984846714828 -0.07747187916105795 -0.19299861773158725 -0.16684669069016803 0.11916377202810098 -0.11422542443509866 0.025132091526642357 0.0441356358452444 -0.10938929201366727 0.046412258785257066
0.07339715598432692 -0.1437260387549971 0.2788635998575599 -0.22798468598077065 0.1205207290663582 0.0390123414464468 0.10624966968566622 0.3353520661451577 -0.12098460359835843 -0.3206710406958074 0.2983162498185237 -0.2591351096844024 0.6310589811910446 0.18045287336758206 0.002662994511098007
0.0814781864551246 -0.2679557571108632 0.28698710850645237 -0.057399136593091434 -0.07962039325708678 0.5543424911830793 -0.5540762111363373 -0.17620971929070253 0.33459658628765576 0.18530946036848586 0.10601772891458498 0.11903005537313166 0.08671151003598374 0.07043182948323926 0.006125797792362895
0.00297086775038282 -0.0586604817292882 0.09341698664562383 -0.07079901943340146 -0.1159696522736676 0.07841403149355064 0.11737972864704689 -0.3044600917152793 -0.17110434065268695 -0.20012387940003698 -0.24566295736819538 0.07067514018639386 0.014633830521310924 0.24955997880094727 0.8121412192340187
0.04908699883119537 -0.12340737204888436 0.357501944530429 -0.09618481770531638 -0.2508573889588456 0.04469002694013792 0.1903329977630338 -0.5740374096136617 -0.22651674163928245 -0.2003570006204639 -0.08218651256267841 -0.29005541233410137 -0.03251426008383623 -0.3496365288743505 -0.3301322391845045
0.026268280590395588 -0.006110332315782981 0.051385097283570796 0.006658685833609681 -0.06773310500244722 -0.0507589961211852 0.20998587235817165 -0.1568929036866806 -0.03478544693039018 -0.09544980718974841 -0.11945604373265674 0.8250793884854964 0.34418233142239163 0.1275259207750267 -0.28397781868438327
0.019709954644758113 -0.09581321140190854 0.4022706634595308 -0.3235623914740049 -0.18919707259766505 -0.4698145053175242 -0.2936589773812926 0.2678968019259616 -0.15373389888027625 0.3298527271094451 -0.4197527336186396 0.02756276150256303 0.0014235602152900093 -0.0001741557886710336 -0.0007013449820911485
0.030345028631275684 0.016809272944117402 0.06130060567862517 0.009032474464680666 0.08890062995955166 0.06140303568093856 0.004845313813577064 -0.0932993450693727 -0.09139202546514542 -0.08828291896030357 -0.17101180038897218 -0.18325253761222465 -0.28724279835623623 0.8268293694740944 -0.3597599784992053
-0.10948227701100328 0.07495820810604638 -0.32623683903432804 0.28510916714003287 -0.13498957249453128 0.12124668701583223 -0.03669456214190878 -0.14322251670033387 -0.09169360435132715 0.3644592128341695 -0.3927313312398972 -0.29726747216160093 0.5888205488379402 0.07066504172343202 -0.06593778473114298
-0.03457618373283941 0.06834753406756455 -0.176568686441986 0.0819740243317047 0.0332703389168666 0.18762334242244819 -0.4834422969418454 0.21646236735277524 -0.2769239042045558 -0.6108279511583451 -0.3725733390037063 0.06286405081116614 -0.03102967466086811 -0.19045345771112812 -0.09777135910860638
