-0.042552422946277244 0.15457934248699365 -0.01912520148484489 0.22730228418189663 -0.14558427970139287 -0.5432972642499749 -0.5535811341489327 -0.24824641952940482 0.12078934044750289 -0.1738936588129591 0.3794320708739063 -0.16443188147345078 0.06659264111549126 0.11178394959782381 0.07107403947287401
0.15952939056417223 -0.012426563997522318 0.018506372765983315 -0.09293404319071821 0.08973074224135877 -0.17830560131938938 0.11691316057340732 -0.08342701628709173 0.753700565879476 -0.3418177821510183 -0.4529804890213977 -0.108798050822117 -0.050837432144025495 -0.018547100048738115 -0.009097592218421128
0.7916130013938074 -0.2629810049949246 -0.46943837622615675 -0.1912126976632339 -0.10135955436571603 -0.08174757132684596 -0.06386789145724815 -0.05260172863186034 -0.13069937201826293 0.04245176191830889 0.06251160187063874 -0.007484206642334414 0.015666843863354554 -0.017983751429949103 0.005969183844404975
0.4857670418655192 0.7820659859954099 0.33625911122702057 0.05528972772138183 0.005193588900052648 0.1554478180934806 0.012517025293979096 0.025828733256055586 -0.0203286749592388 0.07799464225676583 0.006062933683019803 -0.02406827844750065 -0.03902548365734742 0.04939762050274991 -0.01362571419769999
0.23918618319888216 -0.31795097987655035 0.2816453274897067 0.7466105027881875 -0.3259109681897065 -0.008412509578991091 0.16308148239911854 0.23311000444274177 0.03279509397166115 -0.06571886768804841 -0.02759720525862096 0.0723310361817391 0.04416895591476108 -0.0011189176381848573 -0.06619075675665989
0.15768798488080793 -0.18404627836624293 0.17727803708780338 0.2629291910758556 0.8434888511089317 -0.1502923322698107 -0.12215642006232398 -0.15428869559035877 -0.171072756235395 0.10619360288442599 -0.11157180541303671 -0.01679522616818047 -0.11073368365831895 0.026690769359049845 -0.04081816735769439
0.07424639931410382 -0.16839498773222877 0.2716825999478119 -0.2339668852444709 0.10105330911736796 0.007261416505398336 0.17517709407189114 0.3579616090111548 -0.09093137406549687 -0.29613418763065175 0.3078737414775232 -0.6452971252436963 -0.044114420252174304 0.17362564341901435 0.17099735665934804
0.08354137817814235 -0.27932269985032854 0.26562436381095944 -0.10184673353888535 -0.0348356436305806 0.5655559926977202 -0.5649371218646119 -0.04280243140561204 0.3397860521905574 0.229316445403334 0.08874383514634172 -0.009338883417086696 0.015067285764961805 0.09342354170320567 0.084019326938633
-0.0003715104018932442 -0.06394725045809496 0.0865019691769203 -0.07741413354285785 -0.0973058267028713 0.09424539035093744 0.03289978189416618 -0.31272343442900796 -0.20196257427591083 -0.22385023851101776 -0.18463541783262336 0.01841488455801363 0.19892757663131877 0.7279878566847139 -0.4127232200722286
0.04886082604414835 -0.13276286698320286 0.34000231883063065 -0.09885290640241073 -0.21095468907946413 0.09238663850893364 0.05476186385935494 -0.6171956663311426 -0.2578950192103244 -0.2691881841601835 -0.05120857257998962 -0.10263654937467116 -0.24465009698345058 -0.4526781506644569 0.02732702292992006
0.015958411573085633 -0.025415497096365508 0.04167725995097996 0.013360916490866964 -0.05313257352209276 -0.04446348619955764 0.1013000881146081 -0.11954467157245921 -0.07392724336580257 -0.03389618569435921 -0.1165028212442232 0.2801925031723784 -0.18116200659948983 0.3883095283711881 0.827968760175316
0.02742993683903052 -0.10788659645435116 0.3928608601251177 -0.3163387610491905 -0.22093646927270466 -0.4680687967863877 -0.2287335502957239 0.25548170087200006 -0.18807172401385552 0.34060340553525287 -0.440219164572787 -0.007070753735796038 0.015639672469135966 -0.024696036414792257 -0.04034724275813642
0.031132986362851636 0.015862526517385168 0.05962265144768122 0.007079981984559605 0.0939051425573468 0.059130607276878404 -0.004155916796636341 -0.07830733342028949 -0.0895060782031248 -0.10758708256820192 -0.13288313941733762 -0.05342919507288614 0.9021056210616195 -0.21206963925027406 0.2790039545122975
-0.10171198281436793 0.09874079061679171 -0.31456423979184117 0.29569662007233594 -0.12568112324880865 0.1452041927798065 -0.05296410577230434 -0.1510123206387406 -0.08942310613416868 0.31323809930385454 -0.4018974597774108 -0.6609530926349616 -0.08421650373825011 0.06002649182250431 0.12584554059481853
-0.029025858412463128 0.0990890148169861 -0.1704801829095552 0.07003737781123918 0.0334060649150288 0.19120687775562306 -0.4634654896494492 0.3641987383233316 -0.28573163320769657 -0.5828677522462955 -0.32827742170313934 0.0966204891543233 -0.14645645425144396 -0.09977283649600446 0.019236528298180327
