-0.03962969827070523 -0.1529627542289054 -0.01696469725618624 0.21486097572093885 -0.16084138704714954 -0.5437383279250273 -0.5241328381320534 -0.3109297823397909 0.15675525305459648 -0.1409845004659596 0.3777169813568556 -0.03983387429603651 0.16549291009879075 0.13703691181718033 0.028146893696742076
0.15613334239878046 0.011842489530362198 0.018273559569559006 -0.08274009498525821 0.09347493394292151 -0.16153962886000459 0.12400161049466446 -0.009381323103042112 0.7724808084706856 -0.3292450516927048 -0.42627466097723665 -0.15657751067730427 0.06122583422638033 -0.05351990175042253 -0.0060642656930696886
0.7855365981089739 0.271593511880874 -0.46508451842998516 -0.21419839819439299 -0.1057738601080921 -0.08425971643254719 -0.06728007926867907 -0.06323840557513373 -0.12262249120255939 0.047491047215349885 0.04961060281690515 -0.008110336683752275 -0.006272504835193746 0.009914628764256726 -0.014657127754117972
0.501111132258026 -0.7659102393701935 0.34911676752412024 0.06529572768620791 0.00904043522068567 0.14867591625821056 -0.0014850090955242957 0.03891961328348144 -0.030140286016112842 0.0845774969476955 -0.0006531065842909129 -0.0073470578339816335 0.039092689589182564 -0.02190150584101513 0.04791429707868897
0.23297994714459125 0.3226633987653391 0.2407770879863179 0.7597733020802558 -0.3297126347644804 -0.0021660179994517498 0.1381933995302815 0.24743555197612152 0.010949395498170436 -0.08236992610025062 -0.016542030683776226 0.013546875006844728 -0.09094836229215228 0.014643643811708955 0.03866297923057496
0.15379638374305918 0.18836514295411605 0.15543211285957387 0.2804435498618491 0.8372993206810819 -0.17051862611800522 -0.08567034430773908 -0.19311443015822008 -0.16069059043267472 0.09864140704620204 -0.11291480654906631 0.01509758650979361 0.05073397731984371 -0.09668800914243775 0.05316373147461123
0.07518518500779553 0.17658016064747706 0.27676521251970004 -0.22399672419231917 0.10401040881737936 0.004214615172556311 0.1398959511236569 0.3400316539526132 -0.11870041789661358 -0.3018805493563178 0.32597298149843945 -0.25618728539426816 0.6260612448571765 0.14594535706353157 -0.0003063387813977128
0.07684471569805974 0.2838103110844699 0.25612162582133363 -0.07256039682513678 -0.008014755399315917 0.5862177275819765 -0.550088690079476 -0.08112578167058071 0.3306602054804773 0.21622578723388985 0.07236373110772193 0.11631063623135295 0.09479672280493293 0.07712329725177818 0.00014450921119694486
0.0014735523473628788 0.05950673241311506 0.09001571591613801 -0.07433550071110341 -0.09750152294127505 0.0980259262027688 0.0873602024275139 -0.3401885261542547 -0.15083784200214329 -0.21422466018952807 -0.17155399972772217 0.020380734386956475 -0.00782206515677121 0.30635504112580053 0.8049518678080999
0.049984286363978774 0.14214065865801848 0.34644644458097557 -0.09536081141765795 -0.2171194264390118 0.0855794221298869 0.13231920700596075 -0.6236596721538418 -0.18824558058709245 -0.19365335530419364 -0.016421281259805177 -0.27753007019126813 -0.03710882979917122 -0.36824270113649177 -0.31629727749983905
0.030858861479729337 -0.00019820237076123668 0.047010861747643726 0.00478775917647773 -0.06646029911951888 -0.04165112702655754 0.18155209967981048 -0.20702226264315562 -0.03160476800468749 -0.1217349027657663 -0.15187481381361767 0.803160802999325 0.3648500633838774 0.16530943644553858 -0.2654229017389168
0.01703657936571282 0.13715581146218037 0.41231430251024775 -0.29462454393858867 -0.21173176968781085 -0.44230865942148456 -0.2791541467888686 0.2408879465144916 -0.2086427457391881 0.27504519967181806 -0.47760819885375067 0.012905791828356564 -0.011876910779180417 0.0008025161649515385 0.008395601907594008
0.03099487080285862 -0.01220659001675487 0.05916021232228064 0.009348199106525472 0.09346337915740092 0.05307327095536198 0.0057398318129965285 -0.08613717190254565 -0.08473760805868535 -0.09306577762325953 -0.11621573333755165 -0.23171573047967287 -0.2770522166336685 0.8070258142909276 -0.4064599499641829
-0.10368422708980439 -0.10624710554625204 -0.32241694092402656 0.28066928916349776 -0.13022939440581846 0.13939278716736012 -0.040319223233861966 -0.14454775615639487 -0.09807964128824363 0.3067855184542921 -0.41139621633424284 -0.33992085735419314 0.5847689417069629 0.05675252829249423 -0.05116532994274356
-0.030440617504643035 -0.10375190009062783 -0.17049470304978503 0.07205635881976662 0.043241949829727254 0.19936715647013073 -0.46806764585518196 0.20765805820519684 -0.30638207360487296 -0.656711699445502 -0.29156636106728406 0.04790539011146262 -0.045866584450329394 -0.1722556387409309 -0.07746083340076655
