-0.03181823981962846 -0.10800090784903417 0.016750584606243527 0.15735883568328163 -0.17380335963597446 -0.5040125716956384 -0.5756273802349324 0.26797050484909407 -0.2164603339627821 -0.13156990599522655 -0.4162809944693804 0.0036682563180899463 0.18408923533047503 0.057682816628846716 -0.014299404554154542
0.1627468010825664 0.023356271109987684 0.0033014881158432144 -0.1074438852018076 0.0914131243301387 -0.05674306622512132 0.15118327384519376 0.3144211008132846 -0.8029358883197731 0.06802842252831334 0.3794345521593958 -0.15972322945813425 0.05640937058450778 -0.05094109612072776 -0.05938619760821493
0.7815908835594094 0.2879272039082907 -0.4762061730357195 -0.18528419328297652 -0.10202363418180717 -0.07097354541436991 -0.07751929615819127 0.0005873480314897027 0.14059568563012467 -0.0154524564615382 -0.05506361046855157 -0.007166600015538242 -0.004985531399496999 0.02270645256640163 0.00506823835322245
0.5129317836769675 -0.7674209837214798 0.3392919671547045 0.0832879260261544 0.009756023640506045 0.11426584499324077 0.006562301388872007 -0.03611788194596853 0.05857903490565866 0.0597881158234496 -0.00869059655956 -0.007455913908689756 0.03997307475045369 -0.04665649837699726 0.0223328933329197
0.2258940287321679 0.36008023233873787 0.3176924855039835 0.7095362580348878 -0.3352705655645454 -0.007331679487865259 0.14943820979738492 -0.22393496509133154 -0.14488062811859592 -0.004632717003205314 0.003714032836261847 0.025285426155062997 -0.08807411926013718 -0.015049384122141213 0.01888398055674519
0.14932401602012954 0.20825978698235806 0.19047006503310396 0.24451822253941455 0.8303746472104188 -0.24131854691195373 -0.13955026578983132 0.07316777964897925 0.18402670446588593 0.0790363237021702 0.10347904949409616 0.005594921432766688 0.04321725094129832 -0.11306077403599585 -0.013245429714504148
0.06917037634354042 0.16020907423397504 0.2604877861057545 -0.25177674800849903 0.10782076997410013 0.0525973748783593 0.16506096595126274 -0.3571220449607218 -0.1086592507077487 -0.3472345900077514 -0.24493896274236546 -0.25637368482577266 0.6287598972752214 0.10070397772804603 0.07448798364507914
0.06816040862542817 0.24802418815327448 0.24816014673365258 -0.060804204686652805 -0.00026276099082823425 0.7106937737921489 -0.46168577203084377 0.29447575995985203 -0.04448779409035544 0.14973427094903707 -0.08662834874210106 0.11454927142071308 0.10115425866943259 0.06480174038112395 0.06438279964956414
-0.003962383568070549 0.026047926839605492 0.07032683338344117 -0.04516502836588187 -0.0956948787599837 -0.11398013358614958 0.02702499831677179 0.19013561060890877 0.09590512783818404 -0.16927004505744542 0.20346358410653553 0.0753483469249078 0.02727767505569579 -0.1740782203438469 0.9040558260518039
0.04444110699916896 0.11783565575550375 0.33109447968718897 -0.1099679228243372 -0.2150597926318759 -0.08099255749604466 0.07000188804445759 0.47058712255917023 0.37208497823172293 -0.3890648771561946 0.21847873429911602 -0.3676171242652493 -0.08998069201336119 -0.07530840462335399 -0.3111243109890709
0.029778097909415522 0.0016072508297764131 0.04666737764417423 0.000918432579044584 -0.06563873947161665 -0.10092019935825237 0.15626659660690007 0.16719561619663773 0.08289791743852691 -0.15478051374116888 0.2609489117132259 0.7702208370222661 0.379083126954262 0.24220636151829156 -0.1885034661965116
0.023094666901323908 0.14022904746797857 0.38320803434649664 -0.3936558102602994 -0.22303698118019213 -0.3192156759199205 -0.3043708985777475 -0.3501964657917199 0.05709521789016126 0.4440978330905767 0.32897301341710705 0.025160823524411152 -0.007990812306430355 -0.017713365449009824 -0.036730485034134015
0.02818653993653123 -0.02538308047376089 0.05508467445034422 0.02464546796044802 0.09364399693485567 -0.04908438641175172 -0.02154403144620777 0.010253832875515173 0.0076411425268822246 -0.030702456956037395 0.09824113933576437 -0.17789697021157044 -0.22873474836550745 0.9268895262321736 0.1715467162944175
-0.10285228052097334 -0.09569736273294327 -0.30244238876431023 0.32946283708975926 -0.13197851798112503 0.046146432179323064 -0.062241320814145476 0.09134258356018116 0.22603431503890836 0.3507366968839375 0.3234044364034356 -0.35843251494241934 0.579811669105636 0.07064666097023677 0.011680321337342252
-0.031268422842241926 -0.1082016554804995 -0.18185454117027353 0.11770993278256013 0.04157578518787474 0.1494775440081134 -0.48011443080104776 -0.37633691689976306 -0.0875851593902199 -0.5475628643821564 0.4708726326542092 -0.005856384868763119 -0.0707165958682762 -0.07048470942324377 -0.07039919095187251
