-0.038289125247195015 -0.1542758018869555 -0.014219455799543406 0.2197362064184035 -0.17772860341823757 -0.5890107372340615 -0.4065392360588631 -0.31200419057255857 -0.23232599954333227 -0.12538144603736526 0.4084756945079204 -0.03343291298577474 0.16659322118127629 0.13852198610128022 0.022297630809469483
0.15991800376827217 0.006838880153907859 0.02627273629918317 -0.08084285146109618 0.09041525828803831 -0.16282721164401845 0.2708592216968765 0.03629524479106858 -0.801057074411483 -0.21054472262052157 -0.37678783528114734 -0.15227551386334007 0.0628177706366353 -0.05078392309077458 -0.00896967946940292
0.7803569904269592 0.27135737738999743 -0.47126826581472325 -0.22750813383920374 -0.10331476029589086 -0.07428627659463584 -0.0850644855036159 -0.07032095698798965 0.10017506716418965 0.035452873086957555 0.05842408601266266 -0.005328523240313813 -0.007236101043523599 0.011778632347823363 -0.016006342920534013
0.5137948584610765 -0.7501226425424526 0.3591727067860466 0.09430189929184551 0.012866761607112016 0.1427630776890354 -0.012764333152743605 0.03679336237561675 0.05694544562975928 0.07366922063409845 -0.00447120841876029 -0.009120662244702439 0.042586686430048426 -0.022866953038313813 0.0475375009768851
0.22667740860227178 0.35120976841673013 0.2205450863911133 0.7511707203543656 -0.3356356921974402 0.010498251404910367 0.13217272959272428 0.24647156929936007 0.026339407478174502 -0.09390917264245562 -0.03583616166337882 0.011177540917427953 -0.09238826722870305 0.013871312438433989 0.04173965071807042
0.14981066691947736 0.204710623228805 0.14842621743064713 0.27607208952949663 0.8276795828015782 -0.2092379509960858 -0.09974122141884459 -0.19752025674710866 0.14222847186868143 0.0934901504349794 -0.12284631974856078 0.012903059956617464 0.04964463383352851 -0.09886649313533183 0.05604803630326942
0.07180904613058264 0.18340316227930717 0.2780204996271771 -0.22549475393379556 0.10295119396110589 0.024595522341308816 0.10678846205882185 0.31966839864900154 0.15067703577731067 -0.35784173707569356 0.29318739572179847 -0.25962111017303574 0.6214147908596119 0.13409363945022937 0.0037703729912881103
0.06932466133361938 0.2673871286896883 0.25600592944793776 -0.04651140743596829 0.013420547755999629 0.528628194510046 -0.511952381003681 -0.05594749606041834 -0.4172084115460397 0.28365592683232094 0.14676601246662088 0.1289646186056474 0.10659530010210089 0.08295925341499416 -0.014217997529192766
0.0018715756783381744 0.06433677808716991 0.08599159111105095 -0.07877360336199758 -0.09541306889393068 0.11653152142804081 0.036361763856810836 -0.35491363435428985 0.0853145540611114 -0.19966883694119314 -0.1965147066775798 0.021801108804926007 -0.00403740820384323 0.30845535883710623 0.8067761659914297
0.049034655824948266 0.15367600325325076 0.33929365269626427 -0.0967883484074775 -0.21550600162979822 0.11322043672032611 0.08592587185305393 -0.6409127457422623 0.13504098628476313 -0.18765997051873265 -0.05049119550662038 -0.2823593653441676 -0.044386852926005534 -0.37297003533645 -0.30866109207668035
0.030356773086391082 0.005412799037343858 0.04513870784816613 0.003094859345397607 -0.06708660125392484 -0.024411073215817366 0.18740316867990373 -0.21245259820929732 0.04108161115846004 -0.11826600046160013 -0.1724350526311256 0.7963282458281089 0.368479384689607 0.15811306950104095 -0.2670686285299877
0.02210324388315283 0.14001198299608175 0.405678170874388 -0.30639283300492703 -0.23287568358842228 -0.4528051482556508 -0.3006203622191015 0.23276828415772144 0.1643909592381135 0.2799003760938046 -0.46043262893119075 0.013586235469041948 -0.00426451984954704 0.0014366584559263446 0.008236048205792167
0.030678928918551087 -0.008333667863246122 0.059399313194677 0.011011808326431933 0.09422327835423187 0.05220593834411192 -0.019058071777086384 -0.09420270168661006 0.06193868720864905 -0.09451202221454834 -0.13485478484061764 -0.2360939019969883 -0.2656800823919529 0.806776201179635 -0.40783594476478807
-0.10278165923501864 -0.10587727172835366 -0.3340807760981419 0.27625052153086244 -0.12549439109919835 0.12790974866024726 -0.0706765382206732 -0.13660045468992887 0.07867134975690708 0.3223157873366784 -0.3928466401046282 -0.3437321088047872 0.5893667647774187 0.04717954111103963 -0.04900029743011241
-0.030106496245013607 -0.10381921247709555 -0.1738923986961356 0.07175072934333847 0.044824182457058784 0.1599913522641905 -0.559900806070193 0.16239737906724372 0.09546164480388794 -0.6534222619710399 -0.3293279048375841 0.05328184368360205 -0.04684796029596664 -0.1742807214838974 -0.074311990397023
