-0.03999053442796467 -0.15019057750077305 -0.036037644242073494 0.2046711894048596 -0.2002838096509152 -0.5480461389831558 -0.511476560634765 -0.2879155252964183 0.16686609873880934 -0.173882761993952 0.37686887466003804 -0.04494591133178006 0.16311051282044534 0.13413680042188278 0.030906783773650116
0.15983735672140242 0.009783627862044291 0.027768921784397 -0.08099557327574754 0.1024015223735978 -0.16681605433859767 0.12997297876093827 0.0041328166145668584 0.7636786057041153 -0.3055993353105726 -0.4486320428716978 -0.15883388253492967 0.07190247291699485 -0.05870206860015304 -0.009508091808271188
0.7902725173026073 0.27248206155457844 -0.451713818981748 -0.23744043155171646 -0.08694193470543032 -0.07175817435530325 -0.07114968472091866 -0.05867463016205033 -0.11889871473896632 0.042242843205048355 0.056661788989132086 -0.004791113360177177 -0.00433160908522411 0.01226241867418031 -0.016199112896856393
0.5035303213586756 -0.75669817421924 0.35497507599394 0.11015473598169308 -0.014507871205212351 0.14881618069271083 0.001193030567851499 0.041427300908782154 -0.035696849059167264 0.0773712074364191 0.005956875862838688 -0.009474517321121631 0.04123048938167288 -0.025451013305191842 0.04376999737095504
0.20775186984693259 0.3357543237371998 0.17108292802628097 0.752188493475064 -0.37376831656957926 -0.0015336344151470765 0.1670145994049604 0.2492436139529106 0.00020784531508987697 -0.09544183242440693 -0.029618198748429515 0.0037107304130135316 -0.08958378785964455 0.004759078783009992 0.03580275129672822
0.1542546161715949 0.18991779834571765 0.15748021007938479 0.3421613429148577 0.8031810476706346 -0.19208108760061757 -0.11704914056716283 -0.19631836323972912 -0.1510078079970062 0.1251637797972808 -0.10572260433590808 0.023732730955010866 0.04973028468193981 -0.09208573401626886 0.05350959209652436
0.06956471958781224 0.1799435810276279 0.2930960715246992 -0.19982844150378273 0.12037476745308456 0.003856347143970148 0.15253639626920576 0.3197710063872666 -0.1462811573097871 -0.32181798722322125 0.3040100495613357 -0.2672253433173406 0.6251178229624019 0.1316033124853671 -0.005506979313008169
0.07381556671608633 0.2848408796115545 0.26849815214070405 -0.04336790958381721 -0.02233250603040598 0.5754823707999778 -0.5569585468495715 -0.03818804552619724 0.3443753401861783 0.19584577348771987 0.09108757262496944 0.12029404346933027 0.09722710650972227 0.08326954015892665 -0.0007623713049757224
0.004321454783505628 0.06170462121999302 0.09250163581021088 -0.0717699910060449 -0.09620536902895346 0.10034247630090237 0.07142982536177538 -0.3426186255123403 -0.14334733648561773 -0.19204054690199146 -0.192489723684977 0.012768508132948194 0.0038852561487010356 0.2903476952989537 0.8134447209219283
0.04673595827168971 0.1516695831301962 0.34142740343785416 -0.08663963655029709 -0.2143122211448118 0.0919776933804919 0.10705441609110634 -0.6390133426718573 -0.1722757792207424 -0.1699029799420949 -0.03318228349566772 -0.27706550632663196 -0.04954201462712722 -0.37283180352004086 -0.31412477556874124
0.029256642467583836 0.0021680747654861444 0.047567750615696895 0.008819576469240137 -0.07048412323594587 -0.03673129425936313 0.1884087212357611 -0.22532756515970662 -0.028621554372119294 -0.11326614891762561 -0.15012517767745637 0.7933446264853447 0.3660477879515697 0.18271415133038899 -0.26693480788202023
0.02192406596576676 0.13854424258042253 0.4221165574036752 -0.28229077447982726 -0.2302616445591248 -0.4502081414571611 -0.2554794673333054 0.24670039978381075 -0.20402911221468498 0.3188490053255555 -0.4435169306856923 0.022926465929177967 -0.00659094606348679 0.006174872795076133 0.002947985701245975
0.03123319764254598 -0.010450172292914933 0.06305836651453735 0.022302560877784715 0.08804592226229294 0.05048654495334531 -3.916202081444852e-05 -0.0924386430962708 -0.08348448656194896 -0.08438739617986775 -0.12666544703750243 -0.25037688417986714 -0.27528309544846224 0.8102635572382891 -0.3878971680380011
-0.10755498284102515 -0.106348278700094 -0.3430681817945046 0.24845404413476904 -0.13912716995689686 0.13738794628590886 -0.04726448831875318 -0.14436504247793955 -0.08206828908296449 0.3538004381509887 -0.3772278799812051 -0.33783524766603645 0.5851824221511837 0.04977767937617833 -0.05594639092910469
-0.03811690900559028 -0.10375558935233593 -0.16901215442518003 0.06093652632750281 0.039464903444101855 0.18011276836058845 -0.4709629424124608 0.20201037766498983 -0.32305453275765234 -0.6239944592290873 -0.35346333966326965 0.050109889416637125 -0.03254750250481337 -0.17109882502430984 -0.0858856156178566
