-0.04023316693933814 0.16274631031115216 -0.015756617167211898 0.19155655841285474 -0.14815572805416677 -0.581907283944359 0.47162460185914906 -0.34185220982128106 0.12424078967944244 -0.1357986429300405 0.3911777981854643 -0.047663045087132754 0.17081946186404917 0.12576647040692926 0.030470721507586274
0.15487349412858495 -0.013148418662440415 0.020399525311853735 -0.08634859716419312 0.119807102636978 -0.13655416723255517 -0.10324794899607763 -0.09258861531757313 0.7936431011678083 -0.28353167688991393 -0.42600748779017267 -0.1338899784374727 0.05965373670843928 -0.04930478605247342 -0.0088037439329503
0.7850000421692859 -0.2831901927319476 -0.47467737494106044 -0.19014011509232162 -0.09559124930498171 -0.09100049888976305 0.046842482008271236 -0.047156291250287335 -0.12246005653499444 0.04151752737903154 0.05585601292345405 -0.007517391697886727 -0.006082377870223746 0.011219792743487977 -0.014498560815625651
0.5058210819389818 0.763740531496289 0.3500107185263429 0.032468556847533366 0.004111570166847493 0.15143931327047508 0.012146417305664417 0.034590319565598736 -0.03540504231945289 0.08422535311873242 0.001474906347591802 -0.010293601531135003 0.039731826871922594 -0.02616474011867729 0.047646140156160886
0.22341822129659625 -0.28115296302091325 0.25635062947397846 0.745053479269904 -0.366511082889767 -0.04693346814797878 -0.14045322384315773 0.26848644923908765 0.056047048665007794 -0.07632414571584722 -0.031418216744696456 0.026622960532808434 -0.09346000230336061 0.027038329939733773 0.04175398395630455
0.15402355318277264 -0.1890339379609881 0.16083869886397834 0.33137471879438096 0.820819913611006 -0.12858821758890687 0.09064348678877705 -0.18347031296049526 -0.19337621489304632 0.08520704412029347 -0.11046835993589592 0.011895478377431927 0.04883097088810802 -0.10441757142637663 0.04919259690431618
0.07658191303235382 -0.1874507588592051 0.2723819004624449 -0.21255795856561588 0.11422107146731503 0.02169652130884814 -0.13605833084163368 0.3563703173209472 -0.05921163831404688 -0.3066059186037377 0.3202522844521668 -0.254604351208593 0.634990479689141 0.11171144283935719 -0.002304114679315314
0.07762825218466887 -0.2933208294806667 0.25539423654126486 -0.04573464596790049 -0.06577077444071368 0.5660071906254835 0.5807690070350292 -0.14631336004715387 0.2748244203371601 0.2168766425144694 0.08750806394932237 0.11100146612285079 0.09592461209861107 0.07405505292835038 0.0002986538483063062
0.0037269994899699673 -0.06466733917431926 0.08717407300155688 -0.07606063832888699 -0.10160614391052855 0.09129057593263692 -0.10512364284418521 -0.321353589278257 -0.17535814678082337 -0.22609679377924435 -0.1667848027318078 0.007972143487058894 0.005891538743723566 0.2810131719789875 0.8128276196726589
0.054685765840853426 -0.1533927292001448 0.34218592495224104 -0.09468284252392527 -0.23537492013653513 0.05831245814923759 -0.18237222010102527 -0.5860648327925211 -0.2302554571191725 -0.18926641683602918 -0.026152560127719583 -0.27557555982116716 -0.046038986015254475 -0.3721763093617366 -0.32525495830683593
0.028722103173868585 0.004417832681758396 0.048367948508113844 -0.004806416299225139 -0.05481420001174508 -0.036380683557313206 -0.19327486079578907 -0.20581864513678463 -0.05241930122459831 -0.11623288065738734 -0.13759059286884745 0.8043262996400401 0.3580204965124633 0.185297540046524 -0.2609686548357649
0.02361803669877139 -0.1442075471750699 0.398845904744743 -0.32899381423954777 -0.16581092157521155 -0.46117337817784804 0.2807962603780453 0.252126966253316 -0.19694023850083897 0.25809018893981495 -0.47166991997681185 0.023742556089943245 -0.01025882271434324 0.008943293123113467 0.011191123669208557
0.03134367688152858 0.011008073455431245 0.059577636496830295 0.013434687732180189 0.08850027284893462 0.05860280107704653 -0.005975111245453598 -0.08387341980472941 -0.09572962592085865 -0.09929382120101764 -0.11348653598235912 -0.26315416708201206 -0.24413172971796157 0.8177911483513 -0.3837889707305529
-0.10389965039482568 0.11666527143240571 -0.31806843252568395 0.2775645470041212 -0.1580465444014113 0.1142531209720492 0.039183103102954885 -0.12816842354874247 -0.11923563411154568 0.3048797322045218 -0.41796208578321414 -0.32620486473564764 0.5915240621755102 0.03166873305194168 -0.04706584841887316
-0.024916072317981035 0.10784371683871585 -0.1722833828978072 0.07888876929628252 0.007717889135511833 0.1724022680785909 0.46769343328264484 0.20213644565563943 -0.2649380414857985 -0.684360679541599 -0.2854638693420233 0.049745089132519904 -0.0466220772942394 -0.1722196791751377 -0.09014646957923031
