-0.0440561158666916 -0.1450987183503384 0.013895641101322194 0.1934226456288592 -0.16516780734070063 -0.5269633769612313 -0.55781007283135 -0.3256344391769953 0.13862854255446194 -0.14510606295299563 0.3680909382324374 -0.0013157575357276127 0.16846942177142646 0.10967848100611527 0.03258394885161838
0.16941119894684306 0.008508961761086882 -0.0045441125837814254 -0.07648048164642263 0.08710684854596124 -0.16605046381392072 0.07712084806257528 -0.005072349562223778 0.7549570709354012 -0.339286442462948 -0.44965737400963957 -0.15827540171685534 0.07366490515300751 -0.07852963255441296 -0.01766548759489339
0.7739993609467584 0.29000281539063116 -0.4893540300839608 -0.16356053417655042 -0.10420343127727041 -0.0757273296706021 -0.07435460760321025 -0.06541721497492627 -0.12388808869219935 0.0685999759644374 0.059671872291115445 0.005492984209868831 -0.009898447252947199 0.017777328585834903 -0.01199186699527021
0.5125484710835566 -0.7701831204890844 0.3254664543999361 0.04858628257146906 0.00952572637991934 0.14736124906296932 0.0024859732279277403 0.03808119666171279 -0.032196178700325935 0.08451078824396477 0.005662951984200179 0.0024997849841347486 0.038617347164859726 -0.030661410542643746 0.04372807242614194
0.22658068463078868 0.32285368441839923 0.313655089771042 0.7323258871102438 -0.3399421303665577 -0.014130463017702929 0.11697592672040885 0.2509157704935964 0.005141966856027103 -0.08390566766231862 -0.025368942301705513 -0.00783362373748413 -0.08303864544447241 0.029423492041427135 0.04255408248735429
0.15047721774653885 0.1878774227186539 0.1848421319283168 0.26901236541717105 0.8333608611810027 -0.18128667586146352 -0.07639118031850799 -0.19510538516163273 -0.15199559663786988 0.12094586520848088 -0.10948101877019209 0.0354811667151235 0.022041906449475825 -0.10143243604810467 0.05017521153526875
0.08540943665204981 0.16693976881453804 0.2414773614961395 -0.23361507096427628 0.10505165406864393 -0.002100135122735754 0.09244048607757227 0.3376666103678 -0.14519302200364154 -0.32717869155995494 0.2905087914106287 -0.1870886518373579 0.6853934872238919 -0.0131885344021362 -0.029701502610055917
0.07441381181792994 0.278973854320691 0.26976280707097283 -0.10512746277794875 0.00643764768005283 0.6056544414373808 -0.5081738529613338 -0.0818319474154348 0.3365656531167127 0.21397567200492315 0.09100644350765177 0.14818115097613582 0.07857660330505768 0.07428205986837169 0.00475175523211719
0.005554373707931827 0.05799273405644868 0.08119040336167513 -0.08146009096657382 -0.09617000307064975 0.10203747529375248 0.10236115155791708 -0.3390541043909669 -0.1552483042214881 -0.19809386099459442 -0.1883488444649378 -0.01649377116984075 0.08532914471466865 0.2650341757334339 0.8134296737475151
0.06121544009787172 0.13515395309645928 0.32761394423810913 -0.12159163630047692 -0.21609354465900824 0.08812466864284843 0.12849655840189272 -0.623723780085649 -0.1938229109149965 -0.1717232283327545 -0.03684950772856748 -0.27557627972142823 -0.0781928965979203 -0.3668568495191323 -0.3328830463081192
0.0300719569342297 0.0005229607999815239 0.04755165214842457 0.001748717177091012 -0.06623979582956677 -0.041152916358120226 0.2057950460472363 -0.20634350713682734 -0.029922208575510197 -0.1547373468560056 -0.14966318846119325 0.8351658363986489 0.26684476834223264 0.15241610980707285 -0.25815468042758183
0.02635415660643721 0.12818479228124738 0.39738681003364695 -0.3598274981269194 -0.2092646612158411 -0.43138332218349984 -0.24888201666506615 0.23153705943631325 -0.18895100920756108 0.3330965254938002 -0.44786167823378764 0.040966358911576406 -0.02608382792542794 0.01807915686372004 0.011213763651896644
0.03217421071185721 -0.011350834236141109 0.05893120299345022 0.00538435693311923 0.09354534434585322 0.053914606346342424 0.015259283838257084 -0.08777725502073959 -0.08908063218896353 -0.07523862993957475 -0.11964219189268804 -0.30242507447211 -0.07979185350381546 0.8425643655600915 -0.374280712913323
-0.11472114340299315 -0.09746473373985413 -0.2952875446074577 0.30950421662981825 -0.135919831093423 0.1251422382192449 -0.06591630665619352 -0.14803354556322845 -0.07805391232575488 0.36997800973256667 -0.3946046887259925 -0.21700582014393696 0.6139163853465073 -0.07135836955187048 -0.07869274488324218
-0.03450225335374724 -0.09312885537654608 -0.16122416095763728 0.08129014780487122 0.041294031922935376 0.20705200665392268 -0.5051730260536473 0.19149929940175206 -0.35306598619511714 -0.5755951674430106 -0.3515364245472709 0.05180395024979019 -0.1128748118678022 -0.1425139062625388 -0.076223113808519
