-0.03007306456885052 -0.1671239878186448 -0.00963678485450878 0.2083905810341081 -0.11830676926156443 -0.5231305670576337 -0.46642055167541296 -0.4432120650291106 -0.1875362670062338 -0.2862739208797374 0.2537407898032628 -0.045915508509149855 0.15500744273848774 0.12389230868894886 0.05483330315161978
0.1580069828976934 0.008451845012400882 0.013125909468322674 -0.08137036552151226 0.09645169182602434 -0.16798693578962773 0.09000257277532267 -0.3921224034944062 0.7422979732089929 -0.15110272327353177 -0.4002842384175873 -0.16532818853583553 0.06367350021478949 -0.05161227772485625 0.025857583104099892
0.7852392314932604 0.2730603432984228 -0.4786539576447311 -0.18966896314072992 -0.09661368880348162 -0.06834054176024282 -0.04289318511176397 0.001372006060706945 -0.16354696359800325 0.004341541960894951 0.029806188243871098 -0.010159703695182789 -0.006712106537850601 0.010082833047399604 -0.0015253294235749307
0.5019680537774672 -0.7651218657671401 0.34436442908348525 0.05109769548542345 0.011316910502998366 0.1568068201324879 0.0011884912286221612 0.05921585593179392 -0.0005798869573076671 0.08966238598645479 0.03976553097388698 -0.00036953060264437523 0.04619782516051082 -0.025643735441791826 0.027954134726139165
0.23444521696800905 0.3277496013032338 0.29123616607849984 0.7408772395661353 -0.3391269993001584 -0.042807132642479914 0.05869456178171503 0.2118251344586658 0.16836391491667513 -0.03912948000190149 0.0042269049219521996 0.02221948778807839 -0.08733501012952832 0.01233525034232304 0.023976661718619924
0.15426995397868512 0.19390543990433654 0.17962952433451915 0.2583578344495659 0.8514910093336198 -0.13591177207374952 -0.022840290468874296 -0.05895175417806154 -0.228909311106259 0.1081488286540061 -0.11432821404773937 0.012104038254027968 0.03938617506823218 -0.10608555758923444 0.04428861763384661
0.06558807426568462 0.18299522995105494 0.2653538939812836 -0.23781419906846427 0.08484787224883504 -0.01365789646211593 0.06613810837019213 0.35805230519291464 0.10176735024888223 -0.33734291848564474 0.2865925910874123 -0.26011693548524434 0.6367552777380738 0.12527023587737057 0.013355839936752562
0.07450470525935798 0.2817440690580541 0.2604417876996731 -0.09406873832186254 -0.027655961973355254 0.5953202272803703 -0.5392550718233482 -0.34326635709933384 0.09539986321739215 0.16754759850319703 0.0927741216248023 0.11816355720878319 0.0996422442905227 0.06974807170355299 -0.007433745670509546
-0.0006709152684794325 0.04078134561768654 0.0787325480070458 -0.05258001811776058 -0.0729862157717852 0.1135693971311014 0.18762068118604416 -0.12012889335968543 -0.19701748775296554 -0.15325657442927643 -0.1972781733740941 0.06081763352160096 -0.0028456186550221783 0.2264583460168874 0.874816027668626
0.05245486903976045 0.12822987463719612 0.3395837995859624 -0.11292597127821674 -0.20361482296206457 0.10355630551778738 0.3023064765720003 -0.3633839704888593 -0.43570970415584614 -0.2603194005448468 -0.17352975160667047 -0.322834427158389 -0.07484463919967915 -0.3321635367663818 -0.26313118379460076
0.029371238101206034 0.001980635223421521 0.04804639087930065 0.002815356938113517 -0.06573800815730615 -0.04347090343255124 0.22955473228589018 -0.12709062423548656 -0.10289352029035481 -0.12165636870261806 -0.2486247921014106 0.7672227654725772 0.3827452982881259 0.16795967523815042 -0.266873743485331
0.02634058027017186 0.11622585933938002 0.38743268878042175 -0.3389375475502803 -0.20088679418022584 -0.4469882990548754 -0.31208540431979265 0.2579118807713075 -0.09550259246783119 0.37156265198571586 -0.4097834923283793 0.005296556649224737 -0.02135336383106637 -0.0011853001810175924 0.034023637034706934
0.03254292704134895 -0.011014289493413225 0.05858426391446456 0.005227973285007468 0.09548648948124507 0.0644567113377531 0.03551187067899515 -0.0025618537792255485 -0.08503879798072222 -0.0877589032370859 -0.17203631884591283 -0.24620852111874678 -0.25391206333704813 0.8525286140898872 -0.2905089936587388
-0.10254085539736082 -0.10281958515615885 -0.3049957727042902 0.30480197141578447 -0.12354486224538234 0.1381203734578097 -0.00635049721185484 -0.06398125722504602 -0.16051588501012318 0.3857235263211472 -0.3503774204075079 -0.36136797295688616 0.5700074526999954 0.03819554635819568 -0.015678312735605156
-0.0325295721833247 -0.10875223759274961 -0.16225731108457608 0.08354321995000664 0.05819150796599835 0.21311203314823057 -0.44202752566599823 0.3444802659169499 -0.07422067741484456 -0.5757257861843966 -0.4668601435579094 0.020154781954842906 -0.0568768157891957 -0.1765561718797618 -0.03477561088332264
