-0.040474201405236436 0.1705400794673138 -0.012421397522439965 0.21382838750189775 -0.092108316820993 -0.6017657547089349 0.42875398954131955 -0.3540385918122301 0.2224925995106927 -0.12211116582896604 0.3623678275226681 -0.036932950531818255 0.1622005329132319 0.13548197149768354 0.043229849594566196
0.16133909677883945 -0.015183468476510056 0.03573893984917913 -0.0963661561262445 0.08934732819981102 -0.15770127802703332 -0.25307083532081764 0.023681525445825958 0.7739259477998348 -0.24886769263494662 -0.417789701266381 -0.15246176067734318 0.0665275990735568 -0.049843865162612515 -0.010839436380907324
0.7877917542483376 -0.3041885172998188 -0.4747906652422822 -0.13622977213601994 -0.08705830199267092 -0.09645787578973748 0.063665921360577 -0.06858898912856731 -0.11437470617393897 0.03184184642886826 0.051784408009423376 -0.008341853831426523 -0.006623427517541422 0.009985922330986009 -0.015408636287849182
0.5094806654848496 0.7559870444612115 0.364814586072496 -0.030103502896670017 -0.04482487571092477 0.13304554077823022 0.023437424989004002 0.03687174276715115 -0.05680827860965665 0.07625967463764693 -0.0027079789117662053 -0.010299946543687565 0.03918018137833621 -0.029532655054036645 0.041647430020888464
0.2171133262541986 -0.25644851198413077 0.26605077511315883 0.8259669828475819 -0.21952476527466197 0.021036394455610185 -0.07994923633387113 0.24938301614731084 0.014831301148182074 -0.07548670532708628 -0.01790267164978881 0.017051677934828223 -0.09126671720946426 0.013039540850265685 0.04295290600609115
0.13933399234292365 -0.13372065045889844 0.16889862368854647 0.19536648232861187 0.8812734357250072 -0.03476430425218579 0.1240813292841879 -0.21404053258652564 -0.09246425225011679 0.1421588685682236 -0.10560801503571672 0.029812328653854074 0.052489502069487166 -0.10067000514464823 0.05708642646103803
0.07397272381271566 -0.21136206902696522 0.27534860699336056 -0.2022218615801596 0.10330921745796386 0.04466577126159438 -0.03979282356270531 0.3277306862539709 -0.12936226509533616 -0.3465878538664665 0.3012704036579541 -0.27610471626401467 0.6185421751338143 0.15762789236089747 0.013729412560311377
0.05921719858257063 -0.26998418373070243 0.24313034323658522 -0.11861100557566465 -0.15104805368372629 0.5034094386024385 0.5140149454587101 -0.11744405698195878 0.4094167993267416 0.29568267911261614 0.07711548290547132 0.1426408333693615 0.09670243029190712 0.07087760299752345 0.021478348006052195
0.0024696604638605024 -0.07291717550641494 0.08618940522880232 -0.05833054772633469 -0.11088410216691218 0.09074608631208386 -0.08264422522116929 -0.34288063427108495 -0.14713158802920318 -0.21439752700834494 -0.2011290037061478 -0.005842524519708172 -0.030797145163720993 0.24628671639612945 0.8180537638049453
0.046474341414709575 -0.176903225542247 0.3343305755710356 -0.047437405036291784 -0.2130746979830668 0.0752652076532735 -0.15489539830475305 -0.6247249127644825 -0.17498269370009023 -0.17900974393309654 -0.02210642440656169 -0.27680525703581155 -0.03145054724429154 -0.35166730053369216 -0.35035176715621175
0.031841870714130444 -0.005290594476023335 0.04981568038867982 0.017406681404793765 -0.052940576491989265 -0.03408334543600197 -0.20189226860164944 -0.1910373914546892 -0.06522591519332174 -0.14266145400767571 -0.15847389717846697 0.7959209628511823 0.3718911989877076 0.194874970561049 -0.23550620900114957
0.017942332098275546 -0.19258433333353484 0.3830869420475183 -0.24799223430020526 -0.1768783350029708 -0.5083940210044164 0.2536211126813633 0.2256206918799608 -0.22814317844203952 0.2726720418236733 -0.4716322220978231 0.00949749656068436 -0.01357824015301094 -0.015073875176020912 -0.004087114139230326
0.03117096210102862 0.010950593458262077 0.06282564719266297 0.0006282247810044031 0.0912671975090325 0.0753330712967972 0.03014726730235701 -0.0989309480572108 -0.05844361429123972 -0.0716938337958203 -0.1318684828931879 -0.23048872551160862 -0.28688544100663466 0.8232586284770299 -0.3621215251595268
-0.10408158319745038 0.1404322747239554 -0.31985089564851876 0.28068497399300363 -0.12143732063438203 0.12149943156670774 0.023607300920590872 -0.14152474298842066 -0.08914081117580896 0.3437472475982186 -0.39243950850952447 -0.33571525675901015 0.5829353846009376 0.062191437915122674 -0.04193166411650602
-0.036165446041594856 0.10888765759339525 -0.17640631492175246 0.0627223366537288 0.02758460114019361 0.1870102208754886 0.5679495092175914 0.11730825019537139 -0.14889084079681553 -0.6219728474105927 -0.3512514611416479 0.0372891908373136 -0.04597404587528859 -0.18401251156789322 -0.09979809695660682
