-0.039460487120960785 -0.1534615364746331 -0.017384996268897345 0.2134003480114102 -0.16743283524948194 -0.5491969733137868 -0.5178665750495297 -0.3008732992903328 0.14572002768027467 -0.1471320191896378 0.388976560839081 -0.037456108603916516 0.1612709375135074 0.13440668540650932 0.032055010465099155
0.15736854084753038 0.014906604399413064 0.019381312703448592 -0.08397079885929581 0.09080115161623747 -0.17047744082400618 0.14776109134654153 -0.04216614738144105 0.7567550177883716 -0.35857970215221385 -0.41549518091126714 -0.15602362543596637 0.07508325866920267 -0.05272149700179662 -0.0036394108526245066
0.7859875638675271 0.2710184312041126 -0.46512213935384844 -0.2148502476226373 -0.10317019404157562 -0.08345671598127338 -0.06169381051964344 -0.05979565221142253 -0.1206060364985381 0.051976256234170334 0.05953660020368189 -0.00599702299360185 -0.010896694040750655 0.010421479346828714 -0.01507659903508761
0.5008861134771564 -0.7659755572528415 0.34675971392880395 0.06587194761448668 0.011290040607955814 0.15600409079727873 -0.006603620217656801 0.04036109975582264 -0.0235590982620358 0.0794505825188764 -0.00090629621782774 -0.008388313433670034 0.04385668170866116 -0.022148636913202627 0.0481994273651787
0.23339831208534562 0.32157080505265667 0.24207399588826606 0.7582184424239489 -0.3334915979704942 -0.0018931085597934717 0.14504807001037912 0.24316258183241896 0.008332610591904764 -0.08215210353516227 -0.02372179034419461 0.010870825216231424 -0.090062234091774 0.015038715724919398 0.03739703289714111
0.1538414521583674 0.18776366490223398 0.15689410066625298 0.2821587983946073 0.8333004941645673 -0.17970379748306525 -0.09922412022851476 -0.18520739245951578 -0.16007243082862077 0.10890636580062653 -0.1167582839611674 0.017498482689316135 0.04895509332362929 -0.09704868427741052 0.05272924300454549
0.07128616692373753 0.17944980923130432 0.27550648296177505 -0.2217600139040051 0.10567997268372714 0.004516779703850302 0.14841041826322468 0.33749278682314265 -0.13681296024956352 -0.2983470851606454 0.3280816431622724 -0.24759265428491078 0.6282583717707676 0.13798692462621143 0.010079766842217279
0.07867779683179667 0.2910924472841587 0.25853671647809856 -0.07683073646280623 -0.00883592102794447 0.5680263925970579 -0.5554388369432965 -0.06580125231142378 0.35347266929465376 0.20322443393064127 0.07364170474909497 0.11829226248261956 0.09621411269249432 0.07635200934602776 0.00325417739219384
0.0010177800832374454 0.06045196113050695 0.0891323760115439 -0.07467978651397442 -0.0964927247757349 0.10085809778396665 0.07114799550556296 -0.33972394907611164 -0.17088073759867287 -0.2027691338458571 -0.17380514767736185 0.02228842571343066 -0.015179331092557929 0.30349548274013355 0.8059186071493105
0.04822398864841378 0.1418189920672033 0.34498060563310873 -0.09472252646565571 -0.21513558225682763 0.09525455203354807 0.10314996005503496 -0.6219390635820822 -0.21868305901102222 -0.18192469610507614 -0.020486211902134677 -0.2798586082130998 -0.03323034329379807 -0.36762295274362927 -0.3175888721291488
0.030086576066659772 -0.0006655464605230675 0.04640422457225469 0.005756475926625743 -0.06488154961760056 -0.0349053283923564 0.1777080957590701 -0.2153751569212147 -0.04603634051028136 -0.12296518357233074 -0.13848630701890813 0.810005317044503 0.35499227193450983 0.16240154094160095 -0.2619019233282715
0.024651609528054567 0.12979770584420458 0.4096573119029052 -0.30486166490283795 -0.21948529300297215 -0.4570270709964698 -0.25684814988166554 0.24836101991618262 -0.18027067437178368 0.28848897549509744 -0.46986569284578544 0.02111210399071984 -0.00937864248479989 0.004820349795349388 0.005413873541037196
0.030944076891759858 -0.011938905493179606 0.05909192807088651 0.009651266385152747 0.09388811315738141 0.054195793349279694 -0.002504515754130914 -0.08396597026463654 -0.08745170722098013 -0.09065715472701799 -0.11998009328763651 -0.23701647489000266 -0.2576298244643361 0.8114074603409597 -0.4065863488364655
-0.10008368377274997 -0.10184274057201169 -0.32591744987516447 0.27453551115631447 -0.1334513745207235 0.13245193923880322 -0.0523718780702061 -0.14168451578917515 -0.08472788785458892 0.3187802931039162 -0.40658847751929444 -0.3233884844872346 0.5969174764959462 0.05394957796894548 -0.04398019222585669
-0.028053747738263874 -0.09658337023854473 -0.17360266301161845 0.06583389052127439 0.03866952035611855 0.18228492213909006 -0.4782328268320384 0.23112059408248023 -0.308492068536767 -0.6398752100528174 -0.3081722286844885 0.04794701487410083 -0.04138548152060175 -0.17057321939116918 -0.07669095748906149
