-0.037298695479796876 0.1666005233642398 -0.04889070267022828 0.19374355466931378 -0.2441794770421214 -0.5454841598952336 -0.48301123971649307 0.2501825596157468 -0.19710005575706294 -0.1605174251247947 -0.4077934704744789 -0.050266720556566 0.1650646692658051 0.12843820227316 0.02606147089095999
0.1589677351334001 -0.01237725302233959 0.04010757822174553 -0.07695009748186266 0.07393356931085707 -0.19592325046316683 0.1581051827289296 -0.18690559169598076 -0.757770538177055 -0.3332677017259025 0.38252207860123816 -0.15257315883117042 0.0724436340385779 -0.05414875559572052 -0.014059121722384563
0.7796846814646029 -0.34103272519565847 -0.4290830077596816 -0.22383742686457225 -0.10619303345533053 -0.06127265719800159 -0.060362483139200604 0.09413651885426759 0.09388479728322931 0.04531400652336399 -0.05201776577854177 -0.010138247396107105 -0.003723485693069351 0.010146643774426862 -0.015597406956799668
0.5225871017722795 0.7798495353996147 0.2824083091938067 0.055600765364945126 0.04421926224206327 0.13715977862500678 -0.009069294642472732 -0.028336247357249905 0.049379670896663 0.08573949227186338 0.0022597980879440482 -0.005673687742367745 0.04091498625758007 -0.022748787031472498 0.04711399661808267
0.21335672329921007 -0.26673583827645164 0.20405814039360295 0.7768310522236687 -0.385194699468189 0.1150347149262963 0.11409327218752036 -0.21576222152431065 0.019764203602066474 -0.077668142515065 0.013664423005265384 0.007046048660302411 -0.09435548098601973 0.012689418000735543 0.0363707880747363
0.14972215851716594 -0.20046176700702387 0.18332540647183396 0.3444380428320996 0.7580128166962489 -0.32015355899462256 -0.08236370960809081 0.20379810007507398 0.12147876614931585 0.1116634047977655 0.13094748105879894 0.02384359571359104 0.04989973829157836 -0.09599240166079172 0.05574330305453393
0.07032868596155598 -0.1759565642199001 0.31574084244299033 -0.1822106851133366 0.08366770422330146 0.019738746533246206 0.12674769114523188 -0.2901299488794031 0.2593583987505921 -0.3330037976051231 -0.27555474221402004 -0.2361575477035717 0.6292596829020509 0.13308854044946072 0.005519343239236834
0.061841060020474146 -0.2402011662342438 0.26193283654788124 -0.06433566795134117 0.11790694681657284 0.542619041860176 -0.5486425023446472 0.003380782032091825 -0.3999235080878104 0.22108704718706856 -0.15844917347584309 0.09790763775285319 0.08994504677223249 0.06875177641788896 -0.006814483056553376
-0.0011459736274184533 -0.054076984676980966 0.09694413406282106 -0.06880789762196608 -0.0817619476569104 0.12204672359009378 0.07629391762150614 0.39194355276767434 0.01852288626378512 -0.17542983478061297 0.1696422335195488 0.004741144798264046 -0.003115780246668422 0.2856197608455908 0.8126577996649029
0.03814079186902654 -0.10552500289478332 0.34930676974398095 -0.0818877600928926 -0.19302032103893943 0.1174465132928469 0.12753584121666647 0.6638765628248069 0.01604370676851157 -0.15325390280686974 0.02446775516309301 -0.28199353443333225 -0.03255746602823206 -0.36749393940211456 -0.33266492449206075
0.029691262082863223 -0.000488644842568785 0.050132472227870074 0.010841257758165882 -0.07969548935077185 -0.014709002463618177 0.18037060712881814 0.22721084156693322 -0.04533391517203263 -0.09637005241011003 0.12946194884854867 0.8142081741930843 0.3490470234326557 0.1754140098734276 -0.24923833354212627
0.024164877103695973 -0.12936386226132815 0.4368937979809538 -0.2642616948466357 -0.32340328655537093 -0.3708659952236947 -0.296419706920542 -0.18306879336828263 0.20273193566560657 0.30202522888785877 0.47399014226414665 0.03284962862717033 -0.01044343029201163 0.00850051904180241 0.014627511936089743
0.030769023766366095 0.011855846771346103 0.06123101950043569 0.01794617065648689 0.09710879748071041 0.03766192781939813 -0.0006722650676236577 0.112455948438081 0.052703549936628326 -0.07926412979563716 0.1302262990963862 -0.23977405061158927 -0.25440591423185177 0.8199719605792279 -0.388276622455372
-0.10550220461765131 0.09962729089741082 -0.3580456220504593 0.242024532805452 -0.09819961538178666 0.1488059511555216 -0.05756915271165076 0.15366987529061865 0.001971233889045737 0.3384961291585574 0.38988747509707106 -0.3192802964296447 0.600054690856052 0.046576514367240356 -0.051821447787200665
-0.02500669028521545 0.08228583818104108 -0.17842823689534773 0.06011464027875351 0.062136840886557757 0.20230911710272692 -0.5052755421601408 -0.06917355737075588 0.2946046797910633 -0.6323439445734701 0.3557028712002089 0.07139238415298628 -0.05065852410096363 -0.1616786476756282 -0.07277721009108702
