-0.0385156020857334 -0.1547389003840929 -0.010972938193994634 0.21762640079213105 -0.15840412663914907 -0.5432648356552406 0.5249333080655276 0.23688553302992568 -0.2531559734118882 -0.12830662289082964 0.3818586309358292 -0.04703761833204181 0.16647299427705559 0.1347903423761807 0.02704996499939925
0.15983244655783746 0.007093933514423531 0.029492255723752685 -0.07893303710016235 0.10032236225078246 -0.1500106107981112 -0.10891231164423197 -0.2359547744956718 -0.7610298956786341 -0.26887988446139777 -0.43162432974951437 -0.15122065635252888 0.06083377259352269 -0.05261142362177543 -0.009994377370284021
0.7807547960880261 0.26592939990769815 -0.4703515605806099 -0.22538332324286045 -0.10954753673783525 -0.08694982304269934 0.058157914901116214 0.10982047148224278 0.08507642110445687 0.04539402405954737 0.05419953256849575 -0.004684703988863665 -0.004703633327998864 0.012073814727091849 -0.01566538732481143
0.5122669274912451 -0.7466453850218295 0.36522887703259427 0.08497366416431884 0.01324781782149721 0.15385557610431644 0.007713569880373314 -0.0371288017724635 0.06681113051260668 0.07265758890475245 0.0030821931831175025 -0.01083156640772442 0.04024965062905266 -0.02418706631883746 0.04616052494439786
0.22654100797928697 0.34055786241422725 0.20915387344870523 0.7615746039156742 -0.33043864044155236 -0.006525493496528852 -0.15075055505184645 -0.23094868663751772 0.06311384358154788 -0.09406935759273025 -0.018855198155307135 0.014152663933238514 -0.09141988618573244 0.013340636756511422 0.04170377933340383
0.1498171543356205 0.19980121520856278 0.13736367404457955 0.2819172729090745 0.8381490241795538 -0.17048377460861355 0.10263433754035378 0.21734276284778095 0.10827913904631421 0.0997242243960262 -0.11503540890862445 0.016511334588549968 0.050255741636665484 -0.09805667843582126 0.05140199318960616
0.07309369768056471 0.18872675135623168 0.2701070566063429 -0.22088397406806037 0.10157856286326897 -0.0005599118364702057 -0.1690073570702205 -0.25656887651470284 0.20090082092068345 -0.33989027136992006 0.3205773134581033 -0.27406856674569485 0.6178522477112758 0.13050469957071997 -0.006290736543376404
0.07443998152909813 0.2924910757286121 0.24909548488113328 -0.0694783483399606 -0.009051955007454298 0.5800002064528942 0.5763484332140912 -0.08298810623734461 -0.2838513179810303 0.22577018787080794 0.08403046159541518 0.109745348648995 0.09829652670610535 0.07857259397017345 -0.0006086955677797894
0.0007656453492722752 0.06060408486036075 0.092891014605828 -0.06927691253436621 -0.09353479340838802 0.10577957206121924 -0.07227938927822128 0.3794363465885281 0.007177417788471082 -0.19181091127590494 -0.18065814075621286 0.019086939891160663 0.00952650604908203 0.29524624914856656 0.8103446691069501
0.04815539971277061 0.15248338065181996 0.3540157985159313 -0.08315673260342396 -0.20836904517123875 0.09979501132122091 -0.09964188821644326 0.6612901388774264 -0.0474990523305494 -0.1631798123915149 -0.036564748696351616 -0.2658335133556624 -0.053922900999742444 -0.36775070566634277 -0.32022067673451765
0.02894601186395233 3.761430111528955e-05 0.05562374961223989 0.012452195827912665 -0.05934622820576876 -0.030048272022787474 -0.1809473731911115 0.21636629169474864 -0.06089985162385298 -0.09125960237988112 -0.1404006170445457 0.7935892390432472 0.37942041163038176 0.1850811684357503 -0.26867017430817625
0.0224564470164022 0.14446962953722473 0.41033971651129625 -0.2929734437716978 -0.21804203765928 -0.4596585822983317 0.2585867986999129 -0.1777874998340341 0.3004541513268982 0.2491929033905394 -0.46252195111182365 0.024852678145306003 -0.009199120317561447 0.005261398353899876 0.009051256941322573
0.030591544718198284 -0.008351351763481868 0.058965199544508996 0.011724105108423102 0.09437787181447153 0.054810677757503215 0.0006121948149396164 0.1084385168071334 0.05113233744200652 -0.09468880281033654 -0.12002376102768697 -0.24016412373316146 -0.28120630303921496 0.8112507103018217 -0.3883808548826681
-0.10427755389583647 -0.11316376070574387 -0.3224808438970443 0.27181204852235336 -0.13263910696155776 0.13667663566239802 0.06027140225367875 0.14878059523537115 0.07364491205269046 0.3115256686433192 -0.4108406719507895 -0.3501197358047625 0.5800177112012197 0.04681196796260446 -0.06280859542034699
-0.029211814098030146 -0.10033682889474924 -0.18403036129817235 0.05981546009585147 0.029201502097583407 0.1749242301447208 0.44356040274830855 -0.08881320030004176 0.32260832811816254 -0.6919183692831714 -0.30117892420740017 0.07385136163299921 -0.04600605505803667 -0.16829103045893903 -0.07823642967818495
