-0.04047210047110963 0.15755456654164998 -0.022575516001166765 0.21274636438193523 -0.3122000604399463 -0.4837785332703107 -0.481694278202968 -0.36454064361542454 -0.06879615088697334 -0.12904867733656677 0.4073062140373523 -0.03495612554210176 -0.15729604692169954 0.13138192740626226 0.02877640075232928
0.16142826820519393 -0.007137426979403091 0.017633476416241887 -0.08697499734587409 0.07341662561244867 -0.1814429705983963 0.13312115865322258 -0.25846171791581873 -0.721144957957874 -0.3390017430806752 -0.42204211326826463 -0.15248251722068343 -0.06923556600464621 -0.04450372607513192 -0.007892137684643764
0.7848922250948837 -0.28413870336735736 -0.4623264006223432 -0.20999121074722232 -0.11084653146476438 -0.058176443703939956 -0.05740557352095766 -0.030773409938111115 0.13689234651217466 0.0493914230676077 0.0626079328631063 -0.006790024489336682 0.0078786761544877 0.0065037237475122495 -0.014292351233690583
0.50316014093388 0.7710356492546871 0.32912377433635454 0.07116196674302075 0.02477630912272982 0.15338176119953173 -0.00913757806941321 0.06844239270506858 0.015571784024177714 0.07451828417178318 -0.003985385958611423 -0.0072390943126808905 -0.04194376412320796 -0.016806558683514283 0.04619790590665436
0.23285913323768312 -0.3341624546364872 0.2511642188699347 0.7564186576261275 -0.29760789552516437 0.03779186988769881 0.14087363165336464 0.25164462522207093 -0.08252408257426105 -0.0894518803827152 -0.03640061305751662 0.00979660798702046 0.08871070987735669 0.020545790771968924 0.03414358349138361
0.14451125444932456 -0.15737929501434664 0.15672812873039266 0.281749260047612 0.7763186564336577 -0.3232913678595885 -0.13731523944419055 -0.18960061309692233 0.21727452689224977 0.11426595799745355 -0.09922351746949917 0.01952116561221187 -0.04785665853248722 -0.10470946419246083 0.06829661381913832
0.07328216311127679 -0.17654567028352056 0.28153968310477456 -0.22295035109688116 0.1381835731736839 -0.03024181410414864 0.1183592323067371 0.35079483625410607 0.028623807453994503 -0.31235935849316554 0.3256951444789338 -0.24934189656878147 -0.6210783873520725 0.1580806545885692 -0.007102824978581073
0.0761634314582388 -0.28027229503725887 0.2641845584243276 -0.07355476659928364 0.07069574481590321 0.5793110517334122 -0.5399168986634424 -0.17843234366885255 -0.3085297480775079 0.21552467223791547 0.0798512316286856 0.1202502862530421 -0.0911601591374732 0.07550739444277947 0.0024216648342987464
0.0020418129224778116 -0.055665235736265 0.09224830725119931 -0.07271460705598845 -0.08854852330937621 0.12476789599418604 0.10696108601387046 -0.28518875637093993 0.24746784762032742 -0.1988945339767226 -0.160398338011445 0.015763141146244188 0.012800864029880675 0.32763539313476603 0.7953832982065127
0.05172957301423014 -0.13071038390950337 0.35253894486860793 -0.09044584000262683 -0.2072377150434585 0.14221999678324013 0.16689926241149114 -0.5299857421208198 0.3585519845252821 -0.16464307234849584 -0.00281053487122523 -0.2804171522054934 0.03154234596696103 -0.3825333798962398 -0.30696121736176607
0.030965651540023387 0.0007162676790259259 0.04791327252547484 0.007050963260255932 -0.06626988018444033 -0.0233377283209151 0.1938061304888733 -0.19110661016353003 0.10026413837771914 -0.11383299987046198 -0.13693322656879034 0.8094801458601016 -0.3537055427409363 0.15772852536562795 -0.2658397173263762
0.026681289684431217 -0.12871580542251776 0.406796971394433 -0.3081062400784251 -0.29379133850682687 -0.4087604608715015 -0.29097007916881623 0.2644985234807425 0.1319443584341598 0.2605340524062625 -0.47815885895639554 0.01443455267472498 0.004474803524582886 0.010949749620656684 0.0037577223386344952
0.03107555935777482 0.013591293310861528 0.05855952227949385 0.010101555275097351 0.11061276463062432 0.03215960163746361 -0.007210010579922204 -0.0797067818408633 0.11432263694139023 -0.09094885913131501 -0.10105905264843902 -0.22297146086463018 0.2928693645554913 0.7899086460695895 -0.429703443877291
-0.10150242731040676 0.09547126544059957 -0.3258001914070678 0.2790889873009986 -0.10848982422791834 0.16331541678584802 -0.044309052129349415 -0.10552479203098 0.13153914346291462 0.3019113554097977 -0.4063121823746806 -0.3340540803907673 -0.5918808782559302 0.07572934103719338 -0.061746966871992014
-0.034346104497815236 0.0876900140318874 -0.17394856700306538 0.07003760938399785 0.05837819369618273 0.18037581690823756 -0.48899360588169116 0.2330673627052809 0.2420173304550422 -0.6696489272232258 -0.2828391029328119 0.051603880071701816 0.04530777187182407 -0.17317870183388448 -0.06987270825720554
