-0.039432177257930474 -0.15434115145071092 -0.009231767242878443 0.2218275975808678 -0.14034059274619692 -0.5531888926317842 -0.5395278436364901 -0.3018402885268368 -0.012477853915886739 -0.16338167807654505 0.38166399800929185 -0.13955228638311784 -0.0787665613256893 0.1346835804898849 0.03293268031618405
0.15829604740781905 0.006033566475806795 0.022317967034792063 -0.08650350820286949 0.09685598875737787 -0.15811773892656025 0.14915521701855078 -0.42853782356275805 -0.6238681187070033 -0.33260674817439284 -0.4545698360742536 -0.1295596576273339 -0.03870680439805178 -0.04342066070439715 -0.0030120178518824987
0.7860106294467637 0.26107970598783214 -0.48323373721743945 -0.18794972190908524 -0.1003655788960345 -0.08432616942445013 -0.06875367791275964 0.003124589030458031 0.13372895918751707 0.04560999013194768 0.0534679903542047 -0.0003416503933368117 0.006250094645821897 0.010127025159299882 -0.01730556103439488
0.5016472415299926 -0.7532134911665604 0.37636723376295705 0.043669361283758576 -0.001701210365697096 0.1521120887783483 5.1108545342403816e-05 0.047342969289340536 0.011956227536211077 0.08395396444560817 0.013604485287903843 -0.03152788107702783 -0.03311901639919633 -0.03071964950427632 0.0408283977297658
0.23320478597346822 0.3282400658275322 0.2685427510270369 0.7481160975437222 -0.32611580320426536 -0.017087992149604415 0.17194252591806175 0.19185385425220794 -0.11948119618657073 -0.08088757665813491 -0.027810161289208185 0.04437358468424388 0.0839655857660187 -0.007849274280840798 0.048914467976077375
0.15410565768643153 0.19210645405975682 0.1702049390700177 0.262897546503351 0.8482756334265059 -0.13786874087491574 -0.13556601847873326 -0.04824059153581416 0.20678218135311974 0.10941502820623597 -0.1101475914049556 0.016178920645138237 -0.088706065390722 -0.0713441456674941 0.04351498450676985
0.07192707119108828 0.18860280949654337 0.2632828954804171 -0.24238222893988826 0.09051959254616315 -0.004683236514779926 0.19037204481568473 0.3329498146992023 -0.03698649861147123 -0.31298419674111955 0.30851353956768 -0.5560219783410509 -0.3723070564527471 0.18218314780518322 0.020105427479610277
0.07607034910937302 0.2926018898352146 0.25068882780512886 -0.09577107264502134 -0.042937017676039614 0.5644761223697841 -0.5624774860269625 -0.15687551485971654 -0.32166971870347155 0.20419829541102383 0.09988881612321414 0.02512316816536115 -0.08210425521106662 0.11172836723896706 0.010539541391777499
0.0003413860628164691 0.059300728575759 0.08602812590659634 -0.07229169964123003 -0.09323564587448462 0.11103227926646268 0.038751010702559575 -0.24284896530145683 0.3318054610714629 -0.1974404821024414 -0.14932662118004997 0.03708198440358675 0.027937796205212768 0.23108867239144104 0.8218421070912791
0.039193649498642694 0.1628083734632015 0.3242380288478549 -0.09098585864367442 -0.2024726662187698 0.09791969667910945 0.034014734034538745 -0.45510634826838886 0.5019678304030676 -0.1847958986347899 -0.06000033796701826 -0.14815949675611978 0.004300245653148221 -0.39114097175106666 -0.36742900235807346
0.028257533327602783 -0.008520649715333471 0.04882893731082214 0.02327314215186302 -0.03989035518197942 0.00016514944645526963 0.13957849468470154 -0.1358688837745899 0.11864543142486231 -0.11188879432044396 -0.056336966752697275 0.528354710409781 -0.5637856232396941 0.4993251710090713 -0.2838326596853815
0.022860027459455246 0.1401252555790272 0.3913804964319973 -0.3210464550408534 -0.22105195576308723 -0.47196735315910254 -0.22589495493360423 0.30622670062690815 0.05046182683319314 0.2975185360974582 -0.4595190060689094 0.05140258481525101 -0.020072760403585656 0.0410217125295525 0.014934042104406678
0.030959850418595 -0.009898980714300483 0.06237131082454072 0.00423013014943048 0.09132790339989445 0.05855212977275806 -0.009248820507942207 -0.040183433643141905 0.12893599775787723 -0.08564005152366845 -0.11992467201286723 -0.2115245251535264 0.6060234957307019 0.6615315006987506 -0.30593197141083456
-0.10163315672506809 -0.11544116908711974 -0.3059072025549875 0.2966119513789501 -0.12629883487852073 0.14112218864665535 -0.07259886578237715 -0.06897319164043052 0.14679071637699853 0.3264293327371942 -0.4088938101564251 -0.5408202994416069 -0.37913280461689425 0.12640128710399864 -0.037256817949347355
-0.026199887092223578 -0.10798346057634589 -0.1594940395132097 0.0651917545745827 0.021245823062452537 0.18100651065281534 -0.45038325370758214 0.40458809723583344 0.11777412656731213 -0.6382171745111236 -0.32370441152989027 0.09146850380780744 -0.02875278031207439 -0.13076829454394834 -0.07709390323556807
