-0.04046907259896415 -0.151725537314717 -0.045715230816936535 0.21003373353864374 -0.2009541531699271 -0.5469668337937077 -0.49938908339293936 -0.32807191733556923 0.11905295833199105 -0.16235241930421998 0.37803428750358015 -0.03952215788298687 -0.15854455860594466 0.14748488462500342 0.025877185779669475
0.16953752245704207 0.01315219430269345 0.029906096752342796 -0.07703212935778071 0.07906089908675444 -0.17280877590453325 0.1662746260505807 -0.1227239967623476 0.7182864965286992 -0.387656988201736 -0.4384509135740407 -0.14742295631942795 -0.05600864460134218 -0.04567223186924198 -0.004971010883165702
0.7930156523478783 0.28513345598963086 -0.43161448418783305 -0.23391097485941303 -0.13126552725779064 -0.04900775279220009 -0.06927348138334079 -0.04672168136046988 -0.11868809854391514 0.06026269252016588 0.0630062081525803 -0.008360680415839586 0.0011543588129393977 0.01363788606167882 -0.01612719768310392
0.5045093346191429 -0.7599774290687294 0.3413482449799219 0.1268870436090784 0.044757167320823195 0.13290790022364798 -0.00618091173386831 0.04379375683207725 -0.027135436170191277 0.09053065657557544 0.0002474786975131988 -0.00849313666726317 -0.04341675002008286 -0.024142881872689106 0.04679382871711592
0.20318283919484678 0.32568748501397177 0.16072599551070071 0.8137129100047007 -0.2656753097581683 -0.008957521831060822 0.152778374234987 0.23191926340836194 0.012026266107357719 -0.07192527229015684 -0.028666218609865773 0.012287832908480668 0.09472535344669629 0.0024524570936794903 0.0402733249891574
0.1266566835065611 0.19090357085517634 0.10235524021881295 0.21942697844289913 0.824168401364717 -0.28564783207672306 -0.09013959230533337 -0.1723938735703719 -0.18069703464902157 0.15470007533960733 -0.12103534923888072 0.013642051451736184 -0.053858518492078976 -0.11250792183251349 0.056728476991752146
0.07612293476810499 0.17802542308428287 0.3042900551162572 -0.18084298862738812 0.10860819353035574 -0.007936462392931604 0.15405565003113822 0.335885659904309 -0.12480853502444281 -0.32606551422980107 0.3031983568429663 -0.2522974078255817 -0.6159930548217851 0.1785271764506749 -0.002462619276423963
0.07590667925226915 0.2831148037443029 0.27782185242700036 -0.005657764432076756 0.07157108319545052 0.5622633453653637 -0.5544561186976704 -0.0943432024182943 0.36764289894816415 0.1615687699003819 0.08811149320245273 0.1171370422601518 -0.09374829106994287 0.08796816434224038 -0.0022010434118666052
0.0031736581173682343 0.059839480784484984 0.10171842204211397 -0.05243927496344935 -0.08854982723773816 0.11302283516566584 0.07451626412312128 -0.3335083007752642 -0.2119780693107071 -0.16060683535657264 -0.17730711974146043 0.02141427020856508 0.023590502496585484 0.31685802454178486 0.8014585412724028
0.04414867932351319 0.14384629790941916 0.3581567860661527 -0.04390345897892086 -0.20954578770121868 0.11698898413775204 0.10886093065845939 -0.6067857026417213 -0.2759710712682938 -0.13412966463630122 -0.018956590337775126 -0.27827114104073875 0.018733126366938246 -0.37544997241479 -0.31026004849729144
0.028628188979860716 0.0013719040866474088 0.04875749022564155 0.016043416802013856 -0.06725784967202236 -0.03107333743176608 0.17997060024147196 -0.21247322278791456 -0.07941731294307554 -0.09058209836964692 -0.15268877765002012 0.8073869917657747 -0.3489257804507764 0.1753018618352418 -0.267096641957992
0.024997053788083028 0.13534217500592163 0.43435981074852026 -0.26151951587392586 -0.28549324822150174 -0.4122635040689882 -0.29005259673788575 0.28158648338630826 -0.13366743169231793 0.2791030899742026 -0.46126299729457726 0.017521997188216943 0.012882373455750416 -0.005994376834102204 0.00834950514127547
0.03080199150834136 -0.010568788473206348 0.060280047962083534 0.020641699484148134 0.10710418082451703 0.033874435539297844 0.004092852338987848 -0.0844419294826201 -0.11190957089552263 -0.05802386068807808 -0.12759454301542142 -0.23283694096279023 0.313122450896112 0.7853455944242241 -0.41703297156590724
-0.11195505750767401 -0.1054739940006683 -0.35052521581124235 0.24031554568282065 -0.11345520121934884 0.14891330003506126 -0.06661215994791218 -0.11367409380558112 -0.06991281895611312 0.32566240552387765 -0.40748349981590176 -0.33401441613788163 -0.5883583697154328 0.07590271954279505 -0.05325925948433571
-0.021160831881464642 -0.09873031971172577 -0.17874262401177107 0.06796498574184198 0.0724842452405499 0.17975032880336297 -0.4659698827849885 0.20994305792291296 -0.3299284834127305 -0.640855732451412 -0.3090616299602045 0.05474875835043131 0.05192929387995306 -0.1687059493229875 -0.07241872655080252
