-0.03740002838219623 -0.13656750689631003 -0.056711564462009686 0.18088034483409493 -0.18214024154834565 -0.4412105588623232 -0.42135339895289153 -0.39388214597138593 0.22248576738765186 -0.23168477883719127 -0.464402687377276 -0.05794142207692556 0.22368655210382687 0.09818138023892788 0.04016119757766878
0.16067491981544235 0.01078739953023458 0.021134606075782828 -0.08707342810828533 0.11406389836905843 -0.16602897120115728 0.1515501863214672 0.1527334327194447 0.7806214660987645 -0.3282604557924635 0.362425912912353 -0.16526566432996176 0.04143327519491842 -0.03569838002221565 -0.01965764751810714
0.7907225077945453 0.24416929950944263 -0.4632540119405204 -0.24524145678987863 -0.1143335448187931 -0.04409979199327124 -0.04414440266115173 -0.0845708936470025 -0.10867538039077981 0.0419633861928332 -0.04908210634733041 -0.004253245714485905 -0.002154231882556065 -0.004848662337515317 0.015720816950952836
0.4985763504022233 -0.7475077364444453 0.39032416645158713 0.1115645047707314 0.05433667116541033 0.1194750718330163 -0.019960596830381427 0.0014607828802807611 -0.05068426404141094 0.07077211895388964 0.013996014566253233 -0.01620518492374812 0.02537381635728811 0.022006688537882003 -0.03259874870933604
0.23358262795295062 0.3370246937266631 0.19015585103729973 0.7748991572918182 -0.3228453761793361 -0.04060889896431171 0.05538638475971208 0.27448300391521524 -0.0045703551913080466 -0.025248191898523717 0.0166038318231267 0.025559663222635455 -0.08335331763400233 0.04205929610842325 -0.025192588701728188
0.13177061558294118 0.22193154092504538 0.10078247780979209 0.27501757484223477 0.8126910583907433 -0.209708770002163 -0.06616039502141396 -0.30217263067167216 -0.16500274465794412 -0.004608465383876592 0.14089172206484654 -0.01883476378746617 -0.0003078241140194117 -0.002223133557091182 0.0019219926512556208
0.07272770550521984 0.18920534039904474 0.2810283961868325 -0.20489499270802178 0.12201687317537609 -0.025459668416013034 0.06562101149915017 0.41847280497391476 -0.21656701303275097 -0.20474623468044628 -0.2756195792248953 -0.27904514513108697 0.6299548924642627 0.028306463094540924 -0.05188569352275803
0.07966452099246937 0.290836771739221 0.2545353040410162 -0.0525279586398987 0.05824255822574311 0.6326334031843991 -0.45959388418336505 -0.14857268975927648 0.3565933983117719 0.18866076698368642 -0.09977187485471241 0.12237442678411245 0.1248119201080934 0.025204440325831926 -0.026600463312232443
0.0027162750204157266 0.06430669175596054 0.0893312244917045 -0.07129988512529671 -0.10702542824023926 0.12765632826602968 0.1800593347824823 -0.2708503258049596 -0.10733556829003546 -0.26970718594839876 0.1654493170562976 0.009620651447257338 -8.330433947089228e-06 0.8259691103090182 -0.2351760859758808
0.049917638272329055 0.16392090716254423 0.3384010580518689 -0.08133520133713441 -0.23454662152312816 0.14092338001801397 0.2982971828176815 -0.5281866305814029 -0.11577155491960026 -0.28584906319994063 -0.012860536238937906 -0.31549014793187624 -0.1182862555059649 -0.4445392776666935 0.015957991301085713
0.0302720874428383 0.003938791204371687 0.04620809366851609 0.007881079728075675 -0.07282679344456022 -0.03772210665918593 0.22509434574932966 -0.1515794525781049 -0.014927342001438283 -0.16838115375307453 0.14213314943447622 0.7975867925526983 0.4383208643043219 -0.17506568923035304 0.0938379202126053
0.023085793580671067 0.15184780707894016 0.417273840891798 -0.28500249628573465 -0.2540752265212932 -0.4422973134015321 -0.40071695412639247 0.008567468486343034 -0.14665413396641516 0.23249872560857301 0.47300391918211004 0.020313533858112295 -0.018139003417051627 0.00895612687819617 0.010914216948715885
0.012211863995876513 0.0086898258581284 0.041453853945324894 0.006228377076312949 -0.008349364666118984 0.07803367563003458 0.040464235542865885 -0.00998705070070308 -0.014958095732337202 -0.025225294131586563 0.053270824609012966 -0.10338016447612865 0.020013897637936724 0.22429826396924635 0.9617829869997025
-0.10043540978496873 -0.12112259756319962 -0.32745440771311357 0.26411108969167096 -0.13517932880328315 0.14752789323470367 -0.018349227645259737 -0.21448121671267648 -0.046688309665128644 0.26224559363351757 0.4412435220493945 -0.3577160326756209 0.5584332984524835 -0.058829982472776446 -0.054463751382971035
-0.034919180624575004 -0.10391179827055823 -0.17777951314150686 0.059033125584706 0.012076199623945816 0.2323560389268912 -0.4894395078499493 0.1704105386631182 -0.276380678995311 -0.6688470772729185 0.2744428534974346 0.019169650279957127 -0.09765213682416217 -0.14501298427890696 0.013146238193669592
