-0.03947942658157518 -0.1528841769271624 -0.012499355314553673 0.21328149581443556 -0.17105197713845982 -0.54893529615964 0.5091901056771183 -0.3119106431361074 0.16802244760403356 -0.1381971295607076 0.384378882716112 -0.03755133280972317 0.16616917386992852 0.1308405538840735 0.032440086794298724
0.15693153196487689 0.010770499916037565 0.018735376570108517 -0.08127225544214436 0.0942856850238446 -0.15513505748092637 -0.12585374008398886 0.012640586601370999 0.809989383592647 -0.2571640144038764 -0.40752952678926835 -0.1532593328884292 0.06687592253282225 -0.054998225920180055 -0.007912518908041179
0.7860319038621116 0.2651946076327282 -0.4725788381101269 -0.20843368262109876 -0.10232432696693822 -0.0867801378399423 0.05247212089472306 -0.06827090011410887 -0.11783046944940546 0.043159562985193904 0.058647758554195094 -0.006213955955358384 -0.008021866907670625 0.013133792224001066 -0.01316135782983828
0.5014586231789133 -0.7567676225989849 0.36835247166460183 0.054934375639038135 0.0037521566751365968 0.1486581321009185 0.011727150426915757 0.03601375798587879 -0.043765370526206375 0.08331211247757996 -0.005758763062189754 -0.008950053531530576 0.04272715815084872 -0.025687117148012414 0.04623666610219813
0.2331062275272983 0.32374728734163105 0.2440321075392552 0.7568922548225555 -0.33208175268793594 0.004160695376308714 -0.13315142977434932 0.24847431105728504 0.005767431486170655 -0.08852302286324304 -0.026188264162860454 0.0123316496682435 -0.09048655869822932 0.016977342035155895 0.03825841465648459
0.15384005476908755 0.18820011111836402 0.15880964702369804 0.2795386799129022 0.8332375213498648 -0.18783503464628715 0.0873057393431418 -0.19371436064533606 -0.1605991469946488 0.09156538379293981 -0.11523811077418893 0.01546014047029549 0.04742245273826837 -0.10142490924472485 0.0510511549172307
0.07329996691871847 0.18237966362022154 0.27308818384240424 -0.22700733392385253 0.10267386146235216 0.003242750701286561 -0.14714893482480795 0.327540935505699 -0.11735293128342605 -0.327963041542206 0.3234162407071091 -0.2487096982690898 0.6279266464832556 0.11692033244807265 0.004323570062333039
0.07634908057559096 0.2931462281101047 0.24721968563253552 -0.0769741531442194 -0.0014475747640376579 0.5755096842727767 0.5777928214243253 -0.058430905503091934 0.2976029375305933 0.22292831655157963 0.07763450414316313 0.11617173604498032 0.0982956758431154 0.07257115969215433 0.002271982962515976
0.001092417667235802 0.06335704535182107 0.08676369240683454 -0.07607539858962613 -0.09633573658971055 0.09893734480958756 -0.09017042793957557 -0.3507281224621724 -0.11920467438579883 -0.20989468554312712 -0.18655400117219129 0.01792870650967218 0.0054926633206081234 0.2873373351986478 0.810232628138265
0.04881835545884507 0.1563387452677025 0.340704453129685 -0.10109851749045165 -0.21668415612376316 0.08760064402049039 -0.1381331283036784 -0.6348188204707513 -0.14500368826149934 -0.18055555630947717 -0.024827498862133368 -0.27689715681164995 -0.05045343423039938 -0.36356135783976934 -0.32331982518369523
0.029477378592760436 0.002323320890281463 0.04758007726970203 0.005497954976396418 -0.06577866854864509 -0.03558084094957348 -0.18813155062403472 -0.21352402904510587 -0.00891542673235368 -0.10776377004783579 -0.14696209729953202 0.8068816304212332 0.365389188305703 0.15654325327457919 -0.2605559185121691
0.015717786063867003 0.14979725718361578 0.3929180960100636 -0.3059259111828476 -0.22294028555178644 -0.45845690831976404 0.2627767847955982 0.23600370866477405 -0.2191703605742621 0.2698058261715737 -0.4729151846156021 0.013294889341848495 -0.0007534878553304771 -0.00011105730955512345 0.006856092658852859
0.030987861221289187 -0.010826114994074851 0.06057926562024979 0.00790052845089838 0.09264956405598099 0.05083705011768167 -0.004171185075374671 -0.09291445896951966 -0.07602759397037594 -0.09515290929000894 -0.13007408808174556 -0.23820986949890913 -0.23383829478643925 0.8237825725134511 -0.39188758932816387
-0.10165197400379161 -0.10767149689440718 -0.3243422494780061 0.2822038308577511 -0.12678262831450438 0.13596230721968378 0.04287136287368179 -0.14176828919721698 -0.10403512040615781 0.3113470355693077 -0.39373252585719637 -0.33461241394560287 0.5989452421425981 0.02725748793086988 -0.05011603070229782
-0.022491337632906994 -0.10698354567500544 -0.17574939176836993 0.06022990804779014 0.03661189717048187 0.16873215327281113 0.45566932666051324 0.17494379404897295 -0.2678940146319086 -0.6822256785562344 -0.3248061080030281 0.04797585569587887 -0.04619026328119643 -0.17579913362874994 -0.0862768066652101
