-0.0366501281697381 -0.15267035669921497 -0.013992722849273376 0.2116835249455759 -0.1657011417066162 -0.5487254154039333 -0.531192764388898 -0.312410232258931 0.13854653501813702 -0.12117357443012967 0.37534913677195925 -0.03410517456608861 0.1638369307877938 0.1347376785800532 0.03309632003124144
0.1611772853661647 0.010045431297971509 0.016124842585502955 -0.07917904660482714 0.08955925931365126 -0.14110581320798235 0.11347239323994117 -0.07043904923540995 0.720555316820347 -0.42714556356462463 -0.4249848100646901 -0.17713612184564836 0.06434085594878383 -0.05818563187485498 -0.021316187922400552
0.7785529923151244 0.2805239037059212 -0.47171189174732864 -0.21364701982537462 -0.10432346954501151 -0.08483677445972727 -0.07021121044117012 -0.04835829558650299 -0.12034230595947625 0.06703699685238386 0.048074063366887576 -0.004223271145247322 -0.004417771942362551 0.011457796997383411 -0.014129307449267655
0.5152009278026192 -0.7540115669534322 0.35243411169961614 0.0696105287024677 0.012346643117477017 0.15312380124020536 -2.8077248371203496e-05 0.042131456040134005 -0.027979365725670197 0.08017292874879185 0.0036540130933031575 -0.005225884003422629 0.040390723083474245 -0.021988348539213855 0.04731416858130888
0.2269498201776636 0.3305001736471558 0.23835795685418973 0.757413465650669 -0.33438967346021237 -0.0029464024081051043 0.14117827446548717 0.24075479262712385 0.016107474238221998 -0.08992945792521681 -0.01534535143563753 0.012473323175215139 -0.09278721022222237 0.014374305586254545 0.038736567545673325
0.1499798478446217 0.19348520202097558 0.1518766396746539 0.283300957376931 0.8376974173544389 -0.17634205434694053 -0.08593623023069566 -0.17643997632150948 -0.1595668584249053 0.10989936307327637 -0.11294547571257364 0.014643151359614935 0.05016810469598108 -0.09785718311867547 0.05282584530100886
0.0711900594928584 0.18186904787512465 0.2704277572061421 -0.222313205023557 0.1052892547044596 0.0015769121443804498 0.1460763773396849 0.3389961561585397 -0.11694379042759237 -0.2933895616900951 0.35898717029140403 -0.24027639134876286 0.6216566018277717 0.13807955521964044 0.008692771510095008
0.07146391716269336 0.28646017760716397 0.2547238610162182 -0.07208710410448063 -0.004053921952727037 0.587252172287993 -0.5580943475835732 -0.07906671032180104 0.3344215357617493 0.19157517845382963 0.05455790360532591 0.11715202394528065 0.094873339786174 0.07682191046784193 0.002784769754394524
0.002429315134734577 0.06198112617445622 0.0886657208391479 -0.07689997636009736 -0.0957510261698734 0.09558105692273976 0.07895167794280478 -0.3357152461126942 -0.1887557441532732 -0.19746583485934285 -0.16309511635109253 0.009375373431833022 -0.011312460090289269 0.29302395276408855 0.8110701082480904
0.05208338465339667 0.1503459897952965 0.3444316967756736 -0.09885830154652608 -0.2129751629936035 0.08830807700768067 0.11775548733483149 -0.6178629647007047 -0.2521240515827455 -0.1568834633761168 0.016474804515447018 -0.2683989282111926 -0.039428018622005685 -0.36393313604277344 -0.3209505474764345
0.030301234863588655 0.002766629833889493 0.04683955771927701 0.004811055280950955 -0.06557952794162766 -0.040813954411850525 0.1806998227887712 -0.21523385901180284 -0.04835159264381844 -0.12208184907780084 -0.15425256993164624 0.8044778621056083 0.36228949414975375 0.16983990070624305 -0.2521765003859341
0.020093115494842977 0.13573624988610913 0.41892874059616186 -0.3007639712382943 -0.20711020962518692 -0.4412722268924735 -0.2583384322516789 0.26301765531258936 -0.1739693888311338 0.2658494281038104 -0.49063459406755766 0.002043659469701487 -0.0019805314233691993 0.0021733495904318963 0.0015611776338185167
0.030835492712787585 -0.00963466637419843 0.0590137671491344 0.010316580253992381 0.09436010254819786 0.05406001274750037 0.004130243124077729 -0.083900436430068 -0.10798763657252783 -0.0880470822271284 -0.09992288288566381 -0.23423148738330726 -0.2642391300286132 0.815182155309058 -0.39733836746449813
-0.10339012940141537 -0.1088219060555164 -0.31365385828662345 0.2798708302593697 -0.12909647672353267 0.1444916912812469 -0.03871223464144966 -0.13315075992121647 -0.1000919165964611 0.29674497891688606 -0.40767721440105553 -0.3444215630473928 0.5963764740722232 0.05085055981288561 -0.053261257515395385
-0.03529555423297448 -0.1036748825748142 -0.16992477614714502 0.07261536131017471 0.0392306624909925 0.18775314484229855 -0.46786548141939555 0.21983869086389057 -0.3763335173384027 -0.635612593569956 -0.25251349613542234 0.052743214425514155 -0.048530852980102686 -0.1697845625865388 -0.08052102946587888
