-0.03540109328251869 -0.1326026424254068 -0.03987728427523683 0.1948846857196266 -0.16903103497027602 -0.5677127918626386 0.5212051889841044 -0.33155369948983887 -0.14040351763887826 -0.017331763686150334 0.3824114777383229 -0.030197899958574876 -0.13866466713648207 0.1494573901368084 0.020289483623565162
0.14896050503004124 -0.002982966766634993 0.011601306812982886 -0.07700151259090471 0.08119698370159648 -0.1601879611162495 -0.07633558963359821 -0.029491546383339694 -0.8070903464464982 0.2935309685483656 -0.3924003090731016 -0.1714380858006147 -0.10264053958124682 -0.02630015115682355 -0.025238562234876038
0.8001693430340592 0.32677298250239706 -0.38551260397360115 -0.24349845960521513 -0.12317207540691169 -0.05864097760737702 0.05574571819068094 -0.057675938820196844 0.11692809967128963 -0.0584526236317637 0.046299499477697084 -0.011954715539438767 0.01743937599029282 0.010045512275873135 -0.014569027511260607
0.512228581071031 -0.7712175512684657 0.302359491270214 0.14054559332194805 0.03768662403490808 0.12804076876935158 0.002394879054961196 0.04888562670372942 0.053066194108071806 -0.062406891238120495 -0.01048473217382169 -0.00480705486132811 -0.04609219887974131 -0.017089346682161978 0.046910218076840024
0.20184175148460384 0.34611926713884833 0.23012204089460583 0.786878209301746 -0.2679469126650061 -0.04862975462180084 -0.17319402625981656 0.2014225635530446 -0.019874926233508332 0.1184431815719277 0.0034843862158438726 0.031144906424556022 0.07030159110129373 0.004557385835117507 0.04723600149921846
0.12349285180236456 0.19315024357200303 0.1189464773332781 0.20917223456330977 0.8608916756584076 -0.20054655211290118 0.08593884081761198 -0.1763305411807196 0.1720245879669577 -0.06217784901310583 -0.13109191296754066 0.0355195735919336 -0.06898469592917779 -0.09501325330898268 0.06338919292417382
0.051943572329233495 0.13421145177454955 0.2852062572380751 -0.20231914399657455 0.08210151313325467 -0.020940874118353638 -0.2036140312199504 0.231204839313449 0.09831467070708959 0.2689960053631981 0.3849498091035553 -0.26138748722106037 -0.636884250017058 0.2125882571399336 -0.07463418677784404
0.06063096362030215 0.252552174917122 0.2876391133629088 -0.019750699559883327 0.029318187348813845 0.5661535031356375 0.6170072716290542 0.07834575712255108 -0.2623840403100421 -0.209843739414923 0.045735031198000924 0.09235952981790926 -0.09876708256481996 0.0878748943546307 -0.014521375184863477
-0.0020638551814921155 0.055267976833500224 0.10513843122671111 -0.07562824702347962 -0.09715686939789725 0.13504020024251495 -0.05649104471941687 -0.36230245458852783 0.09854331013868299 0.20770566395706877 -0.14055492704151584 0.012652159194792493 -0.021496137324744344 0.32175247696406645 0.8008014224946739
0.03722278895053266 0.12252962249456556 0.3811610712022442 -0.06411845945491214 -0.19029179847717673 0.13537439498309672 -0.08528127362941994 -0.6656080043147221 0.12163675544428128 0.09672373808138095 -0.01973257535428904 -0.26642772474059406 0.04558841902745536 -0.37129275836260356 -0.3064330350024702
0.02130683938597315 -0.00028470029096069074 0.037948281638048434 -0.010305137025753544 -0.08575499678300173 -0.012163827473474088 -0.16211117741467426 -0.2459045753489011 -0.01255988226603034 0.03764972380362425 -0.1539374502087919 0.8120328135429198 -0.35382036369565223 0.16249802158363372 -0.2597786739588376
0.011774260598601176 0.10194141004050913 0.45591091254145066 -0.2845087621911605 -0.21915738425471257 -0.4440758679025244 0.22805971396566882 0.28783773402178825 0.26013935134523175 -0.11320920271252628 -0.48898610968621065 0.009515400616460997 0.027140564885673978 0.0022708596954540395 0.012068923008901479
0.03016512314162377 -0.014651665888905319 0.06031836311141444 0.020035937668712495 0.10889480302753841 0.0465008423089454 -0.004988435881150722 -0.10421004234599798 0.07879374258837028 0.1392961411797804 -0.09105151909183304 -0.16315079975728056 0.38460952997955095 0.7722896778377163 -0.4062688247587767
-0.09144839377370423 -0.07209078075177223 -0.3483804492126927 0.27853796479422577 -0.12126830985170324 0.13295136514928793 0.08356173077053351 -0.09995011925911122 0.18461417000957603 -0.25646585223925333 -0.4701399665793327 -0.35636817948457405 -0.5160323210958491 0.12177510701803267 -0.09553843185083657
-0.01698395368650372 -0.08987617795398696 -0.19081605990936526 0.06265476612553757 0.010737410507741406 0.1220856541340728 0.40509697364827846 0.11731311013010419 0.2669790818877571 0.7874202405344991 -0.13335450228471074 0.07872480215357058 -0.007143229236304733 -0.18857233212421218 -0.08666760311317578
