-0.03567898039927684 -0.14666004823892995 -0.01293224596355127 0.23650234852946986 -0.2639778299544565 -0.474603968711984 -0.4500554509041499 -0.35172919019869586 -0.27871230367590183 -0.13586731267964866 0.37808941953798214 -0.03849140564699827 0.18686578446252086 0.14660857026946691 0.05416748269939318
0.16208204330561193 0.02219998368250549 0.01271064648270749 -0.05424287568488304 0.054779976316364304 -0.14011574121259723 0.2973463684849546 0.00885012194942289 -0.7063610816683691 -0.3438799728006609 -0.4348331252963203 -0.18791323528179288 0.12768750787367808 -0.028968523982654402 0.016502979381330617
0.7854656867667561 0.278686265257897 -0.47892841479369136 -0.1800032997530388 -0.10728277050388697 -0.0694694850255033 -0.08049641216295952 -0.0629267471866936 0.10317283540818525 0.04802446532195698 0.058656173587036314 -0.001221739891607351 -0.010443066510050624 0.009890264621075612 -0.015134675889464488
0.5056371269220732 -0.7579439264071322 0.36831725621673667 0.009830527706641381 0.03244613381907088 0.1375923510224595 -0.019103605107930716 0.038994490794413014 0.0332680279927272 0.08091756649027186 0.004438253886228286 -0.00019402928594039996 0.04157402203910085 -0.02362563641327192 0.04761528216645937
0.22496797207777905 0.28459362292536344 0.27567754815962425 0.7374490286792871 -0.3577777801410839 0.046635979510385714 0.15553389930206626 0.2583690414119935 0.06453380623142993 -0.0880503233462507 -0.014742310750418203 0.027170886035027052 -0.11753788108000623 0.004248714115765784 0.027114968330563045
0.15364783625725778 0.1918837990295371 0.16379223801781792 0.3275554945349749 0.7919923956676812 -0.2562389033587321 -0.14570461235377663 -0.198333278064606 0.10116132483531795 0.10819997306617772 -0.12069741340838187 0.013481240576444974 0.057850824052113954 -0.09647511925887417 0.051298864170151476
0.06929798900191282 0.1964014723754823 0.2622966883210068 -0.21970756819887777 0.12013909623910624 -0.01660147602134547 0.0957708056540295 0.3428191602746769 0.17788060812556153 -0.31708060420276557 0.3455205789496026 -0.09815591651135677 0.63753382961674 0.1699268483916481 0.0402747362504104
0.07603968247569129 0.2984097770463001 0.2477246825774005 -0.060728147242179696 0.021016786161140628 0.6259266570423623 -0.42581005821427387 -0.10136500812381648 -0.4246847822237823 0.21650455752211384 0.06424739244398389 0.09787053314995933 0.0913061496823591 0.08284975638859103 0.012670363167412175
0.0009616452237013683 0.06221371795823111 0.0866890673641571 -0.08684075694327038 -0.0774911701509368 0.09833042321547195 0.08287229341324862 -0.3418940634519658 0.19596724125176287 -0.19829666036328503 -0.17228139773003975 0.06996849396427865 -0.06560469920391572 0.25846073380742834 0.8113149653892446
0.05017371215475134 0.15468160154275665 0.3413767458597153 -0.12772911274156262 -0.19189012837909805 0.09071501415780305 0.14002122048063836 -0.613259470941613 0.23750819367899934 -0.17552630286459056 -0.020461413567003844 -0.2835311752455195 0.03731213506859869 -0.34854490927032844 -0.330235165911982
0.029515325176251855 -0.0069896023104142405 0.05117172809624729 -0.017402438325237933 -0.04994524950839134 -0.05649631796079089 0.15452959455747028 -0.20392617359876944 0.021922606856469178 -0.11547528964598627 -0.15378701326255884 0.8629519437047496 0.1942161605451662 0.15964242707064646 -0.28222276895885573
0.02038629398291 0.16167059010204834 0.38606038762631684 -0.3082392280808867 -0.2609783885075309 -0.4230466071687575 -0.3520869515921831 0.23402916657348444 0.1152788929887383 0.2689761700548006 -0.4666639542601593 -0.0007334388602596269 2.9704875108506438e-05 0.006836037668984858 0.01095589523200944
0.031134256392687798 -0.010259480382985846 0.06044758884575525 0.008574484398986814 0.09859177761253404 0.0405048678544168 -0.008006243419803947 -0.08917931098136016 0.1001380318734961 -0.08970878615649422 -0.11145609394118045 -0.2684609217206636 -0.24085338595332237 0.8253611282317904 -0.3660868358156636
-0.09647982096194709 -0.12290297571017085 -0.30660696668436643 0.2835421828034557 -0.13837269127401441 0.16705723998185332 -0.009539835949238134 -0.12372655288747932 0.15952580078248638 0.30585908664080075 -0.3997402531190155 -0.20023839034956856 0.6414202468883271 0.0895591426500123 -0.02003476229724574
-0.030755526625460317 -0.10594587225446783 -0.16814309744574607 0.07683440623606576 0.04818944071420202 0.20459909799953147 -0.5401946340866791 0.15569823442456301 0.2028939267971534 -0.655855922390115 -0.28717752000213614 0.03055289315063744 -0.04631605825113536 -0.1699596272859236 -0.08757825436427757
