-0.03034535955523232 -0.12501880616827257 -0.029048803373794556 0.1978282616783662 0.2839438570301108 -0.38945822066770164 -0.4152585237661722 -0.41898872349687666 0.25141507480653225 -0.16116058826538307 -0.44891800738767085 -0.049970131991291696 -0.17527279631647524 0.19765386533855278 0.013502647250435307
0.15870507284854418 -0.0006637495106111508 0.023590396151460503 -0.08422119364001152 0.15166766983321436 -0.10985265594598938 0.10658933064282805 0.16785202587897927 0.7425538347386702 -0.3427638379455864 0.44057702272215443 -0.15033853221260068 -0.060358765514657825 -0.05728108171840998 -0.0069950515561338295
0.7839051439380261 0.27368496555926897 -0.48302183536101856 -0.20813028404536582 -0.0020948223148481533 -0.0718424707821717 -0.038547899325883726 -0.10531968449752531 -0.09843152623661088 0.04563647279415072 -0.06280044852005788 -0.007758911134507789 0.005685909955796757 0.011967173330381525 -0.01630822295836125
0.5058517806737305 -0.757009741833993 0.36376015043140847 0.06360127696450217 -0.1105440524045985 0.09504328299357703 -0.020153381903488116 0.015640684484417106 -0.041118073847442344 0.08171096654276808 -0.006485401152844728 -0.006259582005344953 -0.04438077929273484 -0.014373012175322388 0.04641978470264814
0.23357800160819772 0.3382867122022822 0.23566540673358932 0.750218244882672 -0.28981179409440583 -0.24906220153280856 -0.01118698461789317 0.22079706161760038 -0.035525490428404936 -0.0787185667210157 0.019560869022286043 0.009430659650171614 0.09087857051524463 0.009507364067449552 0.038195924500017575
0.1442716643276259 0.15742337439020615 0.17358936507628378 0.2975686539192525 0.7790783846672625 0.3627237637213209 0.08780275874444236 -0.1385978142143369 -0.1344089609505003 0.10625576326100367 0.14621041083334707 0.021952942736174964 -0.04592136946866394 -0.11417951868466919 0.06254321091095257
0.07482254209752681 0.18079360898444707 0.27115973422497897 -0.22055124717670058 0.06711584886018251 0.04969761158560342 0.08557548136991217 0.3946828257519794 -0.20569978186096075 -0.28277156687736876 -0.27535929700821554 -0.23651115824267957 -0.6094271167294694 0.2098544178880663 3.6070391068128955e-05
0.07513669906950639 0.2924958942068631 0.2517637071167816 -0.07257007705490649 -0.28316168285936627 0.574693130883858 -0.44121822231071256 -0.1262214181835513 0.3735951456725085 0.2046982073895429 -0.0894314763406469 0.11639980647795307 -0.08831020891561428 0.09081826646239151 -0.004785935531730564
0.002104995355398098 0.06702338819664981 0.08634785316002565 -0.07685996573199143 -0.1274870042200244 0.032456457566035934 0.17623877668224422 -0.3343416979544609 -0.08547962724359769 -0.21874588927849453 0.1599827964027765 0.02464318601889428 0.04380517589771073 0.3254176091374314 0.7954969307213947
0.04994299172395793 0.16561018592134163 0.33833103148665244 -0.10387067693360777 -0.20309231595686475 -0.03398422015825247 0.28907670999884455 -0.6006938537532402 -0.07374973274135975 -0.20292999408141213 -0.021656124714924976 -0.29163132680646237 -0.011752072675864292 -0.3588420112180346 -0.31141446492588565
0.029339488657445272 0.0058721096547070676 0.046663563905199656 0.004367552367741922 -0.03807682783942564 -0.08951509825955273 0.21772147696798283 -0.16390456050977567 -0.0032485946691672416 -0.12566962591796324 0.14771201300841705 0.8173457446681166 -0.32875422729877335 0.16942754291995263 -0.2659260372232878
0.031237879106292034 0.15565745320093358 0.38956769404678515 -0.3179097501903137 0.10774747452267133 -0.4610368422237771 -0.4358040174911716 0.007045736685949775 -0.21781325252400935 0.26322684106432315 0.43674720513216014 0.013374150111944443 0.007739692178949041 0.008270290771153288 0.006309515206375222
0.030966386018571452 -0.012242568322803932 0.06115813322253061 0.010491077406807872 0.05384965462723976 0.11471256222510186 0.06334034917362835 -0.06527402866080234 -0.07704190813037136 -0.09077739775461727 0.13547350859255602 -0.2118906231338794 0.3573964503960192 0.7631423388919201 -0.4279768862772925
-0.10297074049142761 -0.10799240435529646 -0.31922126044528526 0.2790202717891759 -0.17985332337246737 0.044173804297231244 -0.023521916926131738 -0.2036602253911404 -0.056396111689994255 0.29763315177104105 0.4156447899379672 -0.3225796495591293 -0.5790504887781394 0.12117584905257692 -0.05552963182994581
-0.031375044418306734 -0.10463087388024586 -0.169933095766968 0.07334175465965986 -0.05199572634443976 0.24048076289552475 -0.4979531138925453 -0.00044005438994447325 -0.3217084173928167 -0.6614342227941579 0.2550560799009045 0.04359241358695083 0.028957763005552712 -0.17714324323648012 -0.07180492084234637
