-0.03804231352412949 -0.15178641637007845 -0.015473795739186615 0.2193716978989379 -0.16785685872421152 -0.5454077575350539 -0.5057098843726829 -0.32776883595355993 0.13474736303976897 -0.14020362716102205 0.39213397655144117 -0.03523399437663994 0.16679995083965302 0.12952834206299904 0.030093656808418065
0.15798806032319587 0.013700782633385354 0.013946854042753129 -0.08293407794390349 0.08859633718846117 -0.15853146488368988 0.11606697294685947 -0.020559853228856652 0.7786597126296595 -0.3581263517400129 -0.39770470232389854 -0.1486354779189987 0.056935752148696686 -0.05275978852705281 -0.007173328739867122
0.7859486238260691 0.2864102207889625 -0.4647856329102581 -0.19411271579866685 -0.10454541308431443 -0.0834514805634513 -0.0561623553220281 -0.06422695947321781 -0.12184038164941759 0.057741443105283105 0.05261560795426495 -0.006161748488709772 -0.007078170943002936 0.011723267347221258 -0.014221531454987038
0.5046023837010671 -0.7683472841447329 0.34359787556346166 0.043309354732834704 0.008700504239795452 0.14716913332350032 -0.005223237314199698 0.037672298789611404 -0.026342418416874295 0.08382921001951839 -1.3458392085704633e-05 -0.006644919567766267 0.03881530174062677 -0.02285830191068049 0.04591518176999613
0.23346264643486536 0.3226378286426003 0.2949256307639005 0.739523232841685 -0.33286382647359514 0.002631524081934179 0.1290489704809203 0.24941867837896353 0.005557059398608732 -0.08647484926002103 -0.021179472613679456 0.010049954647318091 -0.08905463425870634 0.017041703619082676 0.03970162712889296
0.15390129289981075 0.18790677471049358 0.18171022537855558 0.26631868023980826 0.8336907131911175 -0.18597913422450077 -0.08473504019125015 -0.18724590954752227 -0.15410653830745946 0.10683073774773642 -0.12099100750414725 0.01553483749969741 0.049476641568371095 -0.1004343015699773 0.051136245079069505
0.07022466599593924 0.17120011566532561 0.2701846353993276 -0.24479333727161845 0.10148424460065436 -0.001669080281822929 0.14258028854184923 0.33462297379235184 -0.12712405307247787 -0.3034192775703288 0.33174304639464564 -0.24134610728959507 0.6327733315854377 0.11533782157272172 -0.001383128785455474
0.07205180087403164 0.28211949624121624 0.2640094164239015 -0.09648146720463911 -0.006302830148709914 0.5721154602646278 -0.5646904675964286 -0.08583474385922853 0.32310202323270193 0.2069025165806735 0.08304457375428857 0.1195455845613117 0.09345955701394597 0.07404111965923543 0.0009145312266266265
-0.0005985418302150132 0.058175397478931246 0.08735750844039021 -0.08125565969621079 -0.09683477901363935 0.09742375184581946 0.09082012329463325 -0.3400487500924282 -0.1578666640664896 -0.19900580022464648 -0.18236306144829129 0.01643649540848959 0.013482475400041377 0.294950279320144 0.808951517802316
0.044114400791799104 0.13809249031083298 0.34522773341579693 -0.12069229925809773 -0.21755655112145553 0.08210411090268872 0.1440726185673258 -0.6234382820530489 -0.19547656500370925 -0.16897920797042962 -0.027482798923108172 -0.2770425619411271 -0.049956968966328216 -0.363866495583255 -0.3202560614851426
0.029107127307578595 -6.765556362000427e-05 0.04784608101951577 0.0033291368659872384 -0.06543495472202139 -0.03683824102896921 0.18725965797553423 -0.20680478593506713 -0.03140890611073527 -0.11878542322261172 -0.14611793818150773 0.813212239768096 0.34996830324600464 0.1545586656115599 -0.2631576758072272
0.010447142851754857 0.12080685252913104 0.38689292969977396 -0.3251358818579772 -0.22199850888451833 -0.4628472323807979 -0.2691805144133297 0.24560626700343108 -0.175626058597476 0.2817723070578799 -0.472191905166781 0.01736741298491756 -0.006405299144525949 0.004165244844241741 0.006344266744955003
0.02985127928026196 -0.011010563416154102 0.06081343737407664 0.0052125218620906145 0.09359239547887968 0.05093118623231482 0.004681077682722486 -0.08619550559578816 -0.08989515124309158 -0.0905069993193541 -0.12160729603453234 -0.23968823308228504 -0.23455868322803874 0.8226023410321972 -0.3952888793710405
-0.09337635708772395 -0.09718766206973552 -0.3048042533702611 0.2939946035305071 -0.12745209944382102 0.13780257010778818 -0.04149632105176502 -0.13698646000331832 -0.06851142185822588 0.3121344127147859 -0.4108093236772107 -0.32518326621161364 0.6047784086174192 0.030061532657501774 -0.059036859581148425
-0.020671721869986046 -0.09728775568687942 -0.16549200476904868 0.07096697784649046 0.03892992789880159 0.1829223256670917 -0.4757025870981505 0.19077650622951492 -0.3285104169659603 -0.6486001336679333 -0.3022852879875983 0.04323651274380948 -0.04350756295749437 -0.172447023161189 -0.08087775378719782
