-0.04042254390080142 -0.1496089183099769 -0.025957669575573963 0.21953792358106386 -0.21943898764181347 -0.5229557539283878 -0.504821709022228 -0.3352030858100648 0.14928105536613334 -0.16419653710911497 0.3773727358558716 -0.029378344571151946 0.18874192825067285 0.09855398194274934 -0.02037705774515802
0.16887851269608758 0.010037558318776875 0.03738488873948559 -0.07601472179602536 0.07705047976372673 -0.16521831314005309 0.11894178419306829 -0.022117361707439106 0.7488393382459138 -0.34107511146557484 -0.45174845682629355 -0.16202055330916224 0.07001644288854054 -0.06324442961483767 -0.003340678781751387
0.7903286920486167 0.27041945952394286 -0.4502299607699603 -0.23211418537045247 -0.09590161451321016 -0.07952633754684796 -0.061302788419992434 -0.06841097134878606 -0.12618945640612822 0.04375130854325145 0.05912281060529141 -0.001221811522050355 -0.00793648263976045 0.006779097264830062 0.016319054218432445
0.5022726910013077 -0.7547534012384456 0.3549729545705614 0.10989402216701845 6.644921044746601e-05 0.15781525677679475 -0.0058431352999956734 0.043417261561462056 -0.03514175816638581 0.09296032580428747 0.0027663639369016006 -0.013467067653295889 0.028942255058168248 -0.007373490196265765 -0.046951992324619544
0.20815453517662486 0.34814894928721835 0.19662871616779104 0.74123074098616 -0.3777279147156035 0.03366585794723043 0.13086703153595763 0.261506515221475 0.017836148850662707 -0.06316183367825214 -0.025816945000070844 0.005919520179756239 -0.09560266533219959 0.05921860334416392 -0.01996789396800115
0.15338175769676576 0.19394652485441424 0.1552837050093751 0.3427643512190791 0.7987971101504288 -0.22380250259453663 -0.08477386676925576 -0.19149933665694296 -0.1629167530132204 0.09915709887799923 -0.10829071804852483 0.01309883783973179 0.02952408757974164 -0.10156656058584962 -0.07599650518419987
0.07610707900090051 0.1762037206698707 0.28862845364406875 -0.20061358404759544 0.1051190057880429 -0.0021919902402508583 0.13329358527745702 0.3450587852109005 -0.1270689955742812 -0.3004609250641428 0.32945078770910546 -0.24824565899214687 0.6435035008782946 0.019060060008500173 -0.02594502412476842
0.07094858289585448 0.28740507306612334 0.2556633060600895 -0.07803628183508518 0.03327915584803611 0.5781100078596046 -0.5558831732198092 -0.09897886651053553 0.3300144130090244 0.21011455410433202 0.07527346301183623 0.11535445095389815 0.10645381089425252 0.058133409475354794 0.006880708300763296
-0.0003830888135202128 0.05902479381136819 0.09255133275259321 -0.07479449331000086 -0.08792416237972335 0.10909430325937972 0.09392260128078177 -0.32862585004483114 -0.16908160268658828 -0.2101790539188245 -0.17895649242004025 0.035740543452815944 0.021650923955819915 0.43378680926426555 -0.7424290792750288
0.043614891527463465 0.14526326230379816 0.35054215432472924 -0.08431561868750581 -0.21549767912442808 0.11399490612388558 0.14692509465438003 -0.6078660240008693 -0.21700485950461398 -0.18835352290620808 -0.024954575689814365 -0.28578564785469457 -0.10363596926900799 -0.394833047669852 0.25492616534718615
0.029718699271675305 0.0006463253772678162 0.051077552239623625 0.013392347311111018 -0.07426140603135219 -0.02548526048472373 0.1893450983832213 -0.19400572534676697 -0.04307268553959533 -0.11059473449382144 -0.15143959852181504 0.8127448761285814 0.3953318007982721 0.004078596697203013 0.25059042740400767
0.016721924825573237 0.13137158295940513 0.4191433920720943 -0.2943431078619167 -0.2275611325724662 -0.4424386704145173 -0.2875655351778405 0.23312102486445677 -0.21314001594508952 0.2894845449425595 -0.4533844594147134 0.01723557829145446 -0.01609457163011518 0.014960078959184797 -0.0003165622282793994
0.024323121603332772 -0.00708443125676029 0.055123605018329226 0.00115662362623794 0.11362219883057086 0.03861901977972933 0.005480664129700814 -0.08962162010605162 -0.0942804447734306 -0.11503347732586428 -0.10334640697516032 -0.1871264819866896 -0.08879317848154489 0.7682206298329287 0.5549678133385102
-0.10375749255812129 -0.09889529047010931 -0.33862035362458737 0.2490319015740555 -0.13114012767157138 0.14652524893179616 -0.04652816687383471 -0.14430504902900756 -0.11248511694108732 0.3231580773418153 -0.404768388757377 -0.34107308586111335 0.5844572987883886 -0.03609255790096054 0.031175686983310292
-0.029086842604621733 -0.10290746217440527 -0.17416014388613782 0.07270833589682378 0.04715348537339519 0.19568903945904673 -0.47432140962979924 0.21983832955760957 -0.32151940381364413 -0.6360474827606681 -0.29623499966342476 0.049141933702048085 -0.07682982658863181 -0.18124944876698648 0.04757092499882959
