-0.03670170124380972 -0.15628544162191826 -0.02342528525766919 0.21591758426946356 -0.3266582782754813 -0.45422948086036713 -0.5099694829637854 -0.41615572907753057 0.05144046736278805 -0.08262558262424641 0.3510116141310487 -0.03694236832667752 -0.15304118818265122 0.15215106034916986 0.012475230058203364
0.1616019963740131 0.007597789202992042 0.014126124868151308 -0.08302567101201543 0.04893610245343701 -0.1980981498045838 0.11875882155901427 -0.1478312220755704 0.7493645564138322 -0.40609627279284244 -0.36634153084104965 -0.1478437969427226 -0.06194624489166623 -0.05267158337349554 -0.0013972359882177161
0.7778465151511875 0.3001706543822818 -0.46490216896145964 -0.20462208031098178 -0.12016945406970694 -0.04305710324462611 -0.05907791685712911 -0.048617008310102044 -0.1363244761208692 0.06697295345996335 0.03477184293666919 -0.010530798795141181 0.007011286141568281 0.0052243465721922375 -0.015282639524920882
0.5197895772035348 -0.758215623404205 0.33438371246327303 0.06522783517516806 0.04264026539173432 0.1516714985013893 -0.002021322978271594 0.06043161556590834 -0.016503500365643894 0.07601343489407299 0.004938934543133966 -0.007591235761948787 -0.04870034358911339 -0.010471994560859826 0.04205247600143259
0.22691472739820615 0.34077331830812846 0.2753149695902879 0.7400933794033426 -0.31272663112626103 0.06337938665338702 0.1285178880551367 0.25938038801741015 0.0570054730435766 -0.10342456921376432 0.019786120023870972 0.013365337083767916 0.08417560268637662 0.01879385463688402 0.03580019945311545
0.14169841916787673 0.16366899236191199 0.1512133396895423 0.2964940326948458 0.7325052025515754 -0.3785321461963549 -0.10040675911118768 -0.19935116287260218 -0.20302789122613266 0.12905641223645067 -0.18492679658757522 0.011404852470426241 -0.04122335236764811 -0.11397794983522759 0.0761101950967802
0.07027232152357178 0.1762610453512571 0.2791888333869695 -0.23297076952975332 0.1391385336745375 -0.102563756522095 0.11525247760939251 0.30482158927700664 -0.11170162883816137 -0.2771721360939226 0.3392327937733099 -0.2443012689054421 -0.6212467717962095 0.20846105142982646 -0.047187533143389214
0.0728292225154361 0.28957108631663886 0.27113650800956063 -0.08954150574080218 0.16416043206359832 0.5524301948619252 -0.5393035167032862 -0.12440472316854291 0.3339909791753754 0.20531483215700988 0.07823532180040187 0.11719685125501833 -0.09268297940833715 0.09214417299127574 -0.014782147402918826
0.0005010283195403099 0.05764941356772154 0.08944165069626024 -0.0779399678694065 -0.07408927197503534 0.1557483544753398 0.10452233531752331 -0.2887938403215348 -0.20390279854293392 -0.20366508822009058 -0.17383865836086876 0.013975765201942277 0.008353264155424683 0.3567893398818916 0.7859318323119879
0.043479730434043726 0.13725641761926133 0.3490131622765812 -0.10696647959169944 -0.19081772461899213 0.18790947961886006 0.16561331351915448 -0.563090105880064 -0.29166551230181326 -0.16122239054568105 -0.03808740278865482 -0.2749046340152991 0.0201754151930508 -0.40099438727980496 -0.2837435035538616
0.030305375707273798 0.0025281732043150244 0.048132631208293475 0.003964867602080996 -0.07189294170708353 -0.01490045066914762 0.18966737045135362 -0.19630461544288919 -0.07627446716817016 -0.11389550782046694 -0.17294817691172415 0.8097417761837679 -0.3190192810529421 0.173569154744884 -0.2838318869077429
0.013649642118895593 0.11311161143850411 0.3960482564658042 -0.31102544973350055 -0.34118241986180553 -0.3562296250086639 -0.2884686161905114 0.2783344142046272 -0.13105627604549652 0.23954206358249283 -0.5034452864205309 0.009607829436145215 0.02370461631490795 -0.01935297957383234 0.019928863675317227
0.03047395771215834 -0.01132968613041024 0.05949509343766446 0.009393076568705529 0.10693542431044241 0.020913385423217294 0.004339661481295107 -0.07839694876941154 -0.10557230258685828 -0.08621919668828606 -0.14097242304476607 -0.2390920311315834 0.3636371495349864 0.742044096348989 -0.4458684888769343
-0.10392239529172065 -0.09425707315957806 -0.3148458931742878 0.2872427736537625 -0.10749613839473351 0.21392171056984283 -0.025811243089345817 -0.07477977689977766 -0.06564783472991713 0.2707774936585355 -0.44832169598083366 -0.3337656862728538 -0.5750777765982519 0.08940043706247831 -0.07983975290603919
-0.027863076024311755 -0.09335015986368682 -0.17184710339942846 0.07453742918423135 0.08663413250395144 0.1835309453493027 -0.4830919230585324 0.23519554137761323 -0.2887194512587158 -0.6731164267076823 -0.22284044952845464 0.05268364767729923 0.03520131076527887 -0.1772858201275087 -0.06317309009807574
