-0.03832907419996928 -0.13076502166340195 -0.022855342647330093 0.1886329373771044 -0.21233100920023867 -0.6264379472540629 0.42044179391647285 0.3052459502771883 -0.1367638034209083 -0.1812819328479045 0.3716317508834556 -0.04225805683292932 -0.1489608654498725 0.1366684105666884 0.07443329464343755
0.16581739743157853 0.019899660693296926 0.032604353943036325 -0.09355903012290515 0.07703442520933258 -0.09953486105324379 -0.11986648609821147 0.11882081557468673 -0.7770945128050667 -0.2582435502744602 -0.46494593376715154 -0.15252850235860885 -0.08293493071467047 -0.03154410652276354 0.009267924616852214
0.7920508764538635 0.2761115382379886 -0.4442971597177847 -0.23772795409335443 -0.08731127144120542 -0.07731370490120967 0.04505674482695219 0.048885729825008065 0.12893456231206452 0.043451145327206585 0.07304252939508918 -0.005603588078760064 0.011072450100212404 0.011020992842387436 -0.018970851999000567
0.5016663960098079 -0.7642965958470843 0.3418225574886988 0.13136358097662518 -0.009124694857641133 0.12613347489334997 0.018577645861854522 -0.04710986993633212 0.04253648751156198 0.07234256283389066 0.0011225910514561057 -0.01106873376469787 -0.04035528266266088 -0.035507432591677525 0.03833020097540595
0.2077640449718986 0.36154413104419947 0.2035453025668663 0.7290088501059863 -0.37251314432859584 0.02750345111045794 -0.10636792187157065 -0.27256581196884555 -0.030674031121075477 -0.10654053958615953 -0.060204067070460644 0.00575710045092763 0.09894850302422119 -0.009323243043750892 0.04774331625373375
0.15347965016024787 0.2038859512240489 0.17846227719095642 0.3158598490760715 0.8020701678658304 -0.255346047285171 0.04472277871344507 0.16614478960945656 0.15915738274974617 0.12725122747428566 -0.0941832016378422 0.020559311411019493 -0.062428937575431 -0.09654434247544834 0.03317560402136768
0.07092145799656843 0.17044833519130992 0.29198948329751806 -0.2174013984800049 0.11466988185170633 0.0686007338390199 -0.0991233783806146 -0.3469997211667064 0.08342030676881791 -0.36030722791375885 0.284951334036526 -0.2704769270038048 -0.6034777265424259 0.16482886161207796 0.053081026348182715
0.07142360585707118 0.25308063137903963 0.25486241101342455 -0.02276887044279394 -0.0023097334438007093 0.5391211102038695 0.6049124153327875 0.21943284206018857 -0.26098040007104445 0.22141596771025754 0.13061952422567027 0.11296312261569903 -0.09215692838788331 0.0710959706180926 -0.011975815529250198
0.0007612636958879587 0.0575056256204665 0.09184851628237954 -0.07447009991895726 -0.09542616669616197 0.12059724462139973 -0.09847285698212309 0.36579286089974594 0.21624102681434595 -0.17290414143261504 -0.15648049328154703 -0.007823984722657083 0.04277640885612154 0.06212159447359279 0.8418236819280587
0.0385122617953279 0.12381480608873192 0.33532312234753103 -0.07739941156619175 -0.215736629073728 0.03863641266788578 -0.20332866982925607 0.5833666251592272 0.24719304628020689 -0.15656061989965595 -0.014641158501667235 -0.2643310176979189 0.011195950156253392 -0.29432764365173836 -0.4388681008813023
0.030836103240296685 0.0027089619045727177 0.04971225168471208 0.007814589253787883 -0.07893367319388887 -0.028511769103720025 -0.20566912277856564 0.18480068748364734 0.06434002993984124 -0.10737925044821871 -0.15982547723790422 0.7944187835475839 -0.3632030088429916 0.2782108116027897 -0.1771493199451641
0.01679174179586255 0.13659852875501485 0.41558850232072153 -0.3346249810805141 -0.22876441161945132 -0.4073006026326674 0.27440702930847494 -0.25945780180728856 0.1827511115794922 0.30402423256715444 -0.45721262718508093 0.010048502036602108 0.0025908483221067312 0.002424505872757525 0.023260270806791657
0.0310563839170674 -0.011878257296386002 0.06285442512915242 0.021950510918989575 0.09026252668508573 0.04633629818460391 -0.006041858227237584 0.09428946816579224 0.10373918768338374 -0.07871016074151804 -0.12470065585130333 -0.2556974039155965 0.326391808677298 0.857065416067395 -0.19041863256604533
-0.1018073679820472 -0.09438360076057868 -0.3482381418992894 0.27200726711327855 -0.1333275137931006 0.09837747318700525 0.03393370388296559 0.13778520559752006 0.13181941461598448 0.36023199080578516 -0.3455758397166205 -0.3466331293528826 -0.5843701136049089 0.09601429599306643 -0.021232504571451108
-0.0335079406227666 -0.10187593969123439 -0.19848536774577688 0.06963494947156608 0.0768240279969012 0.1410575129036576 0.4975945040983826 -0.11906145232645574 0.2900073300245122 -0.626582082872884 -0.3679183721419254 0.04184691740042205 0.03027398938242935 -0.16012086237677836 -0.12766485093701432
