-0.038543428166242136 -0.15287150830936735 -0.01671846852228693 0.20771632325991987 -0.17225061588483423 -0.5439479539976568 -0.5949410632547273 0.16021901050156923 0.1584370009973501 -0.0809079964018725 0.382641428212243 -0.0502425219974809 0.16606934977186535 0.13185432791284563 0.03150750798750793
0.16091478995925843 0.0043647525801930355 0.020413443406505895 -0.0873556537490317 0.08940357297461292 -0.1620595121680324 0.11148393502876315 -0.05154652004507119 0.764802799000026 -0.4169218285081045 -0.3604837779417988 -0.14627197058898714 0.06106910790632834 -0.052048077555657365 -0.012963419646100378
0.7834909362985332 0.27160027772729917 -0.478665958918178 -0.19999267219531583 -0.09988217766720663 -0.07322153798058606 -0.06415644515403994 0.07070944930012074 -0.112319904986087 0.05320663449811621 0.05419253538421073 -0.008812444574567624 -0.007216058884910798 0.009749809606259008 -0.013965193448960977
0.5027340962589061 -0.7628266345365247 0.35402357243227955 0.052068821904857863 0.008076585813395796 0.15103011101412667 0.004227982860815934 -0.0280360640046933 -0.03999942516494825 0.08522875710557216 -0.010841529928562783 -0.005513814499656051 0.041124996824297516 -0.02176023952979915 0.049540592364756414
0.23328227708620314 0.3163100104340625 0.2511738193534376 0.7572086844682351 -0.33351962898459164 -0.004031659665453014 0.17484998294249857 -0.2254644801989236 -0.01201856331922221 -0.07590228509912514 -0.01755468824571179 0.012167464641703448 -0.09180663518855475 0.014572961821051651 0.037591023746501744
0.15390260219574647 0.1847375945355884 0.16104515467518388 0.2820138617681761 0.8319942287944527 -0.18919321464453612 -0.10689626077744363 0.20830776543678628 -0.13359012324857283 0.07902968985099655 -0.12212562402584147 0.019621103978936873 0.048901609149212204 -0.09688046281018853 0.05217648014466739
0.0728912707943217 0.18431842705962606 0.2721625214281484 -0.22418198349233986 0.10537054281544764 0.003109108075316428 0.1687940149737308 -0.33918092721399207 -0.16986587380423102 -0.23574284227850423 0.3370392208486141 -0.2659532346233925 0.6284868468356241 0.13397879121617634 0.005843480622374284
0.07954744230829669 0.289114962923933 0.251034292039813 -0.07025080846511601 0.0034772415531296574 0.5871832431211613 -0.5493578125165914 -0.03397113665064519 0.3305627099537732 0.2326458927931817 0.028927087084138506 0.12260778145070447 0.09400234986037609 0.07913330244159536 0.0048240892168080075
-0.0005194566439607432 0.06309041361147764 0.08947712499524765 -0.07475918577684618 -0.09708199315515544 0.0964919931933097 0.02939603942344515 0.3626509609416661 -0.11455467741117531 -0.25759065774924456 -0.11007811893976549 0.011623731948244469 -0.013863902098939828 0.29308035522553366 0.8083887966058653
0.047196075623474304 0.14724771875529014 0.34783472188822756 -0.10235000950533853 -0.22092703976780423 0.081562055996495 0.005457771890691469 0.6297135960357928 -0.13255758247615818 -0.22214775234194342 0.036902674525029065 -0.283541716968833 -0.0379262413064379 -0.36943660705036585 -0.3255692549754463
0.02979746685880295 0.00024206573055185013 0.04876228759945312 0.004006496912286082 -0.06755680439337942 -0.039712441836785246 0.15049418351095026 0.2451154414109521 -0.008242413732339797 -0.17112898284171293 -0.07304019463971874 0.8056243032189523 0.3600720564684433 0.16957178748291288 -0.2563634721175659
0.032910905452079066 0.14578369027577184 0.38942759721329756 -0.31030079692113793 -0.21785789338000508 -0.43496683854100987 -0.20036685931568995 -0.21431076888141692 -0.21895219292486137 0.24413191488486097 -0.5449937057137487 0.044939526071435455 -0.008307875439899139 0.013128455545907558 0.013031559359679635
0.030894697557792502 -0.0118411570967241 0.06047453819393551 0.008367943970339312 0.09322261704643005 0.05112560129343858 -0.009525320669738675 0.09505094167755175 -0.08003116748831779 -0.10997920520814143 -0.09708826893645908 -0.23422277834928706 -0.26516250003436537 0.8143070027485654 -0.3981890434966661
-0.10123109226760764 -0.1100199968497273 -0.3188433185505284 0.2835538532238319 -0.12877407238597552 0.14143177997685016 -0.03496545882557989 0.1942255972922857 -0.05955053382373745 0.24206167178492752 -0.4521651494995473 -0.31568889762663077 0.590190645231021 0.05707584993845596 -0.04708045062765878
-0.02954113261507144 -0.10019717143554246 -0.17432875690765645 0.07473441463921038 0.04687634557185609 0.19932038934115512 -0.43840070527726416 -0.2732013898537368 -0.3619229922101108 -0.6423022498554998 -0.24741888038177076 0.05978651142691798 -0.04804738121996218 -0.16693196100601526 -0.07645992866637442
