-0.03657098357210822 -0.15516326399333327 -0.017799721589360867 0.20880813561412076 -0.3126648511170465 -0.5094514045356093 -0.4452739492635163 -0.3425429434656963 0.15195843560578381 -0.1612038724516217 0.40409017071978104 -0.03567376824654543 -0.1553348441372759 0.13540109097203792 0.040776815275371504
0.15920150542130185 0.0090552094902433 0.019209492333453242 -0.08443863885798614 0.08034968365997487 -0.17240270798225746 0.14885966960535593 -0.03395888009608621 0.7887634996420511 -0.30805195024132687 -0.3990649687989886 -0.15690199378665848 -0.06540778699864594 -0.04803086418250818 -0.009095793670991378
0.7774126846695504 0.2925173158972 -0.4746406844917421 -0.20725497757888364 -0.09845373573581505 -0.06967597802959657 -0.05867714700046006 -0.05832832239619685 -0.12242573620936283 0.04743776740170619 0.05283859949191999 -0.005673460224982488 0.0030206832661234294 0.01428995593157538 -0.012482626454570109
0.5203766362562324 -0.7526003820158864 0.3487614895697074 0.06549170547492038 0.005579150048911666 0.15066882467083295 -0.003652326075332951 0.035694667551080854 -0.04008803428330891 0.08362246505169652 -0.006803676292563742 -0.010748619882037427 -0.04050251487647738 -0.017390692701755885 0.04639968767723332
0.22733933885652555 0.3421059722539416 0.2459866977245217 0.7557367829558519 -0.3019043010227377 0.03157050561575559 0.15395447462021125 0.26157178094391675 0.018940767616250107 -0.057756638016554666 -0.028893225773458254 0.010704748840071608 0.09691087389792159 0.009578760014620437 0.035222796094251954
0.14130487943370793 0.16211000695173586 0.16117744254024524 0.28209163724056885 0.7991837426396958 -0.2833584798509104 -0.18984556799699334 -0.19976130205855475 -0.14989940842191232 0.06153021563731991 -0.09367873165202259 0.02338049776987662 -0.06410070239494293 -0.10300439669804916 0.05449640823068567
0.06915115140076167 0.17608504727042704 0.27475610617293134 -0.22327874767884867 0.11657390694159991 -0.0049184316617989395 0.12507927450281364 0.36263790294164716 -0.10463170406999177 -0.29297461905566924 0.33489981994478013 -0.26683602286057323 -0.6048365194561265 0.17726026051990204 0.026710080564904443
0.06892247327368078 0.27949950741841584 0.2569839255269419 -0.07325528989203664 0.006794168181471802 0.5880086568395322 -0.5347292347366637 -0.1466170534983952 0.335691800821619 0.1978515329519989 0.09097740386803709 0.12207654576551616 -0.10106424241337943 0.08446826479929775 0.01130187296249773
0.002568027583103119 0.06526115350420184 0.08825546893424313 -0.07602303759405303 -0.07211838069686534 0.10559548755859406 0.10818774147787731 -0.31511903710454453 -0.17030559489331623 -0.2468326037395669 -0.17966089293278004 0.009880045721305417 0.06228269239142823 0.25593028855440725 0.8143244845957921
0.05549459823162953 0.15819633697396618 0.34118833854299163 -0.10206932093784858 -0.18502313603819032 0.1040836495610166 0.1817911555553345 -0.5841025599070064 -0.2272579102534552 -0.208062865664571 -0.030254455765245145 -0.2816972193690506 0.02093417535676193 -0.3673067513856455 -0.3394383442551953
0.03007348620013501 0.004665660600591219 0.047436973930185006 0.005424816901230625 -0.05800386891166476 -0.031744065950370916 0.20612897590079401 -0.19077883804257262 -0.057869133271936615 -0.14003911561763346 -0.16605810152015524 0.790491652473297 -0.3732513742066257 0.20007042992382312 -0.24244456303700546
0.02024943548394725 0.14344135816652492 0.4031743012038874 -0.3080007828696355 -0.2753427031284554 -0.41706427734516466 -0.30398824980827865 0.2306253347809754 -0.1782576241199633 0.26244828095844175 -0.4745130490169502 0.010357574785781639 0.007601757613408886 0.014344845065136258 0.007685439870891828
0.030653264823297343 -0.010463121180427755 0.059633798477259 0.009803880209594606 0.11293194295998472 0.03719435239280979 -0.01888806190623505 -0.0826248189497814 -0.08305578660859711 -0.12320298597657786 -0.10241528858712072 -0.22453455538074174 0.3260559195880905 0.8001362238315319 -0.38008629882988876
-0.1047813401614903 -0.10135939164704921 -0.31813795753919233 0.28293620935224373 -0.10568744030395023 0.15017274782424359 -0.05174311951500689 -0.15495385263941144 -0.11340740723774277 0.2727893015628291 -0.4227594150155657 -0.3603664450617339 -0.5733482585503958 0.1069516121735481 -0.032266640567307
-0.025558436599495978 -0.10564604328946114 -0.17495795576287024 0.06965200598661414 0.0069081677957696834 0.187734534224058 -0.4817751869898762 0.23368710954814217 -0.23699372538138214 -0.6748878222556818 -0.26349395950008914 0.0498099207308185 0.04085435903244188 -0.1931063379570596 -0.09058801099444332
