-0.039558405068722595 -0.15190412262300776 -0.005795538202317254 0.22267489749816582 -0.1544841089599522 -0.5743773876906941 -0.47846648585428575 -0.2960179344531224 -0.26412915714398244 -0.012978320178155355 -0.37187402433570255 -0.031011817437077763 0.16238973158332745 0.13804193702108997 0.02829099361356431
0.1644787680437765 0.005570925537022167 0.0027001877373158865 -0.08595255167120341 0.09041778544921476 -0.17932707766288958 0.28788213346757124 -0.03555796997511744 -0.754505353979696 -0.29766042087797256 0.39500674617625897 -0.14103916348218062 0.06865223754778425 -0.049360571956557506 -0.00971969678676884
0.7833194488550119 0.2771621549516486 -0.4923859461487843 -0.14251806277279314 -0.0987426831772044 -0.08209106243018993 -0.07536487727574366 -0.059719831010399335 0.12869899621177547 0.03679500686356763 -0.05234328765736677 -0.012655854902457157 -0.0032657134061620805 0.009765027277882076 -0.013332837213255868
0.49927509153909116 -0.7729413032319956 0.34456013109794187 0.01139136306491061 -0.0006292054553564067 0.13775196668866746 -0.014031167606634124 0.04043545888525198 0.044530951445626826 0.08324427728146583 0.016580883701370685 -0.006101757965677306 0.04080646093090541 -0.022230626372326832 0.04735648754093286
0.23347898404429715 0.3133882243004545 0.3440029711021081 0.7245439242689784 -0.32649166705657656 0.006493136244943339 0.1376587634202535 0.24347098146115548 -0.001380909327348065 -0.09367592302240675 0.001594426172154814 0.008697492836117874 -0.09248767844985326 0.013984822929246682 0.03875047281032479
0.1543721444322916 0.1828920812692598 0.20556801489274737 0.24845660708032216 0.8396405024150703 -0.16893257758600905 -0.10259554411923824 -0.18777319887027707 0.1655024922244737 0.05463784317712538 0.11794025045060125 0.015427532421765719 0.051266961364245765 -0.09659073023117572 0.054124611445513233
0.07287163566940656 0.17925995087320962 0.26169344127627175 -0.268001009849833 0.09245062840692951 0.019243582119654816 0.06945295255341871 0.351361313915664 0.06646083591945232 -0.2605977621684816 -0.37176368250861236 -0.24491404807544126 0.6269268850025426 0.14646605407567034 0.006533719369963286
0.08821533846572781 0.26779126624961447 0.21734491123969113 -0.08523012424906831 -0.004541944515115302 0.5501086812238822 -0.4730135983679085 -0.08223480535326928 -0.4296201288623552 0.3377856204326238 0.004765289495091392 0.13819447134692528 0.09223803934581037 0.08079400135077847 -0.005455496492839268
0.0002648585089575121 0.06094899607245661 0.08739515489109838 -0.09074390701744364 -0.10341050449444072 0.10491147622833392 0.012914950106736411 -0.33295397642516283 0.13188113218710168 -0.2613047898781818 0.1324992350939805 0.018115506385422277 -0.012665470119361097 0.30727741353197346 0.8059470300324604
0.04848136967865565 0.14426200544448295 0.34214562511052543 -0.1475184851752636 -0.22954952314523466 0.09445295367303666 0.023097904782378647 -0.6135362015967304 0.17758098646909645 -0.22489463219672748 -0.01556729776206492 -0.28690787403372636 -0.024624010524415277 -0.36920303602884574 -0.3128096472682189
0.029817146882261326 0.001070691400007386 0.053410842640592975 -0.005399589424914952 -0.07023134014269945 -0.03562447688080859 0.1624972054893442 -0.20963829196220488 0.07940280024958202 -0.1797668600472795 0.1080096020662309 0.8086042804840871 0.34347150290992273 0.16543398349321453 -0.2649601036650289
0.017753629945276322 0.14371362309489583 0.34467977847907516 -0.3321055113550763 -0.2138953268165905 -0.45198809515384386 -0.2750862699587482 0.25594334381484346 0.1924345295846898 0.2165165729875317 0.5236195053693969 0.022342075083179976 -0.007976150173127427 0.0007403723030324337 0.007608300624634443
0.031004196949817896 -0.012690701481237755 0.06416056059343335 -0.002809709630215281 0.09057429406009662 0.053383283475958866 -0.02612640199234119 -0.08184074627416567 0.072245533821246 -0.11845187673507573 0.10121017250129892 -0.24205344186001188 -0.2696141654489305 0.80570958228615 -0.40789199347493826
-0.10782891336798112 -0.10616701047109027 -0.289966025369156 0.32789560607560786 -0.11687148101346057 0.13534754146967548 -0.023325345043975078 -0.14703274757446402 0.14397465908989157 0.21953610875313764 0.4400379026372308 -0.3193847358209286 0.6007512797144136 0.06024567926626224 -0.04763038581092182
-0.030632882750266224 -0.10254488263610684 -0.16709193039914447 0.09466139149590533 0.045989423346676904 0.18436041852253685 -0.5659247614467939 0.23684706700629002 0.08840774829446309 -0.6699964731520905 0.20737054556515727 0.04442671216792422 -0.046002386727630976 -0.1718032781405795 -0.07664499767223032
