-0.03694759478829571 -0.15553190835464756 -0.0012729227518314635 0.22894700308734448 -0.15024718565480238 -0.569701126939192 -0.47774274881881557 -0.301301978489719 0.20547057195075152 -0.19356384359041187 0.3627878897788313 -0.02235002122750461 -0.16057324830618047 0.13521049817929578 0.002530267250715822
0.16028152629229994 0.019337017186433242 0.007398742355951126 -0.09190647165602134 0.09220311054594961 -0.19469331420635477 0.16389239957636342 0.13627283551723618 0.7151754943050225 -0.339240479767482 -0.4632746931195237 -0.17127506619136987 -0.0454601514220854 -0.025464217683113924 0.019045591210059228
0.7740333109281167 0.24842369290939467 -0.5201950224210875 -0.15850373637708232 -0.09669350365524501 -0.06439480755454138 -0.06724859158784838 -0.08934578512641109 -0.10637749717761645 0.03840548928621079 0.06680797354242976 0.0002572948363869328 0.006164362351174502 -0.010083940165531604 0.006019056670564309
0.5168806244807683 -0.7383207258057857 0.3838483435486032 0.058177138857615864 0.008195963785388925 0.15927716417874793 -0.014052630169517738 0.023777917266092245 -0.023804785226368995 0.08173811082334 -0.009314878765633668 -0.017371939312097094 -0.03846350531081717 0.010977043875257048 -0.039462214843772596
0.22580875341679046 0.35807436780613977 0.28529694483815465 0.7307053666978091 -0.3308750903064492 0.006282882903420057 0.13174788696231568 0.25144174894300797 -0.03184901766342318 -0.06546656478593993 -0.012125743033522384 0.011348428773612423 0.09169204682946372 0.022165706009673266 -0.029923469497473633
0.1496046541596016 0.20838599158585366 0.1715767962981498 0.26115836987750823 0.8398737522548655 -0.15586267848756077 -0.09565031251960136 -0.20593839671881267 -0.12625348098258318 0.10603544057246277 -0.11977722603451577 0.005597928300065069 -0.04796676442899112 -0.06981228300785575 -0.08108509625947453
0.08227646436045685 0.18196559397253242 0.23746053822280394 -0.24313580895628212 0.10166161949681328 0.01662685482562103 0.1377454909547439 0.30754651885182005 -0.18120956125577375 -0.3033825470111447 0.3251823722601701 -0.24080810005248537 -0.6319191222086121 0.17860996936625892 0.02476023273911009
0.07369255448342488 0.30480247116096804 0.25550241285957365 -0.12640068625387782 -0.03287018207161827 0.5398605166893095 -0.5617728467502575 -0.06914367105399769 0.3903005358601178 0.1582900730162437 0.06345801165630686 0.1178395687364538 -0.0856597746478817 0.06692898792941807 0.019657427442259883
0.003063952871330689 0.06412379581927613 0.08365636178926139 -0.08936990004354527 -0.09978932834931932 0.08183926484692432 0.08871713821417489 -0.3437776496638556 -0.12192484182798341 -0.21343283906998217 -0.20722348127778153 0.027235997369300283 0.07177957470543238 0.5458223319475525 -0.6565112845679946
0.05401082392802421 0.15952035888556937 0.33953123552569603 -0.1409895904167202 -0.22144913604288521 0.04213419714007529 0.1482741518029927 -0.6239386906568524 -0.13052751901241336 -0.19138059078319242 -0.057475929711125584 -0.29247304366614196 0.023090411437838482 -0.44077362699665684 0.19249507113217326
0.0324224046482063 0.0027194690957649224 0.044343369799627524 0.003718288392128151 -0.0609705809894496 -0.03817170502105679 0.18623954518082064 -0.19201684804593266 -0.020646630469036937 -0.12567690170232268 -0.1748965301080319 0.822483448402427 -0.36235328717697185 0.029279000545803062 0.25452927612739884
0.04139520476505077 0.14061216419723715 0.3425527724307283 -0.32555083979143373 -0.21067222665398316 -0.4752861688531037 -0.2760705822482207 0.2353105745275705 -0.2446346212058298 0.34404935399388936 -0.41736212212947926 0.016639979482179542 -0.0011593554993122432 0.02523300873534118 0.0010041129584836643
0.032179088018006924 0.011838633151905028 0.05162407274466542 -0.004067941823323739 0.0873799666694082 0.041021851450240454 0.0017815465887319657 -0.09414841151117591 -0.09684079985092457 -0.08987407980923348 -0.07685717395613115 -0.1519400429373567 0.2918362008832188 0.6298555534854949 0.6705392851101273
-0.11248220521699046 -0.10353910119415552 -0.29219505236301485 0.30628674546621915 -0.13219315257323486 0.15348118602056132 -0.06316425705161728 -0.17717647410265064 -0.05727921790488759 0.30687138493162736 -0.4098607899590449 -0.3331695957012863 -0.572818894034088 0.09979260815768241 0.08066167752561888
-0.04124722940451163 -0.1036716001590052 -0.1409528839993312 0.07557735743903417 0.03190088366135578 0.17576834239740327 -0.4841108051299392 0.1926654188978108 -0.35701928672927324 -0.6229563276234636 -0.3162743084746801 0.026508495689056086 0.05466235654562674 -0.19679297163202072 0.02430757900503144
