-0.03787057842231993 0.17191770174371945 -0.054963879114255265 0.19417494570636457 -0.2340354263034032 -0.5301245293601637 -0.5144996864085774 -0.31099783698914374 0.12391310658520802 -0.14259791315947004 0.3848964828896648 -0.0457805042985837 -0.1440026465140503 0.14633467979463483 0.05450344575906136
0.16513525024915243 -0.019777861636678138 0.02499153325650322 -0.08770099803887614 0.06399387976485776 -0.20282712070931572 0.11360491933587133 0.04899252416373092 0.7355271837579063 -0.4211436268007254 -0.39062150649691646 -0.1590165635898152 -0.06585212989495097 -0.0515857046913855 -0.01585974915071738
0.7803329685909722 -0.35045603278694987 -0.4138576287811498 -0.2139838321437235 -0.1243960919752108 -0.061523111262178035 -0.06077033500378748 -0.07499908416552664 -0.1230271069086001 0.07030991269202018 0.04573025680490015 -0.005058347406194309 0.008977760532860455 0.012117458605878068 -0.013892574401652287
0.5242069505910097 0.7764777772513954 0.2826149870834333 0.05675948080758869 0.023869346182227212 0.16572502246891382 -0.005266689013097904 0.0213721141239948 -0.02275045778303115 0.07695880164826699 -0.008225966928001571 -0.008315368274974979 -0.03860122177776566 -0.022125489792184736 0.04605200085890033
0.21055844079344255 -0.26782027172127887 0.20596170697745245 0.8142692359655859 -0.2736110849080544 0.007460218350200683 0.13048708607624374 0.2697364095311171 -0.005842932937782292 -0.06827377581448382 -0.00425323632041116 0.01486314284827423 0.08335963898598023 0.007824458530674247 0.042837341840365355
0.13484364165616533 -0.13262298555865165 0.12055325966129128 0.24614295552288637 0.8312586267960694 -0.32688864313663457 -0.08096298275981026 -0.1413130383218254 -0.14245015012637166 0.12495472274199079 -0.10945889897440111 0.019063743090393596 -0.06917285708381114 -0.08642670542596292 0.06505812467646707
0.06658404586563786 -0.15724319693905098 0.29794287041595174 -0.20776761830747537 0.08082178289247728 0.009894819421301762 0.13403030382652958 0.3257555444638068 -0.17485075375116288 -0.272794774744755 0.33651711281046154 -0.26853172639988276 -0.6086224834930445 0.20388465784424928 0.07654951233784038
0.06954879933713268 -0.28283993338973007 0.2959139159559376 -0.013618243176180215 0.0937399053156367 0.554597973538992 -0.5578194216152936 -0.1032793857951039 0.35799449210598144 0.1678056035190436 0.06716341518424868 0.11471013757871056 -0.08734120500960232 0.0858897833509647 0.015005188900629443
0.0007211725581482551 -0.06415865809569969 0.1072415281472057 -0.050207707061059204 -0.07280507104891645 0.09697694291884075 0.08976790099643152 -0.35124235757917116 -0.15360420618814716 -0.22582083078502133 -0.19141287057037829 0.012522746300688269 0.11944832385602933 0.2182787804755223 0.8138970927644934
0.050135578186318884 -0.1439511505921602 0.3826329631989852 -0.01756667382791755 -0.1594348587097993 0.06965869291742756 0.13485083260994243 -0.6149452749273095 -0.19584236086152698 -0.18173233094124444 -0.04129996391999978 -0.2758769147964769 -0.009637181837966177 -0.3493506020488736 -0.3634560821134361
0.029795162406075028 -0.001221864071295085 0.04991369939293377 0.016256156693134988 -0.06275872489441914 -0.040430423921133926 0.18625505460122654 -0.20563264126799966 -0.03495788242852456 -0.14040489657853408 -0.14748900795382 0.7990455040719895 -0.3680676490091862 0.22584062675835195 -0.21486277845629698
0.012507061426241478 -0.1050643500384494 0.4406788173667693 -0.2604485843842706 -0.28660092960566347 -0.4011674108848264 -0.26779326826801425 0.24728037868348754 -0.17646332966747838 0.31221843390349324 -0.4703555994507566 0.024962102658847782 0.006813560065390527 0.010000671183378539 0.014627858638819583
0.030770992944959236 0.013115353721797273 0.058613050575784 0.015267445765073984 0.11075856621755652 0.027001636307394928 0.0053329305504016085 -0.07406914594366226 -0.08869048338880674 -0.0891303004420916 -0.11556747655758494 -0.2307390978422279 0.3290373705729039 0.809282223591294 -0.3620655025586519
-0.10312354227151253 0.0883030814667425 -0.34727445154859476 0.25418699731441635 -0.10219987858094488 0.15364654801161537 -0.036125907493068356 -0.16643634930783968 -0.04365273794910899 0.29461642303329355 -0.4361076778582001 -0.3401656241921703 -0.5699802119578916 0.11752721771186005 0.0015047667038415836
-0.025611923081739832 0.08017381693111694 -0.18243835354647978 0.053376673226715604 0.06636060759076721 0.17557757498827906 -0.4816367773892702 0.21711629572440952 -0.38059377018298507 -0.6104329762864141 -0.28719133221267373 0.048540746236663226 0.023420583953984078 -0.1710732729224051 -0.10153319584863596
