-0.04276769581172423 0.15128036014044538 -0.030046751662729427 0.2170248802132552 -0.168938857300189 -0.5442767892023284 -0.504013249219308 -0.3176946877175614 0.17595434648538466 -0.1798829870945041 0.3729171318158969 -0.033417438657745165 -0.15189026391495508 0.14118519801807247 0.032250492056464075
0.1596671202626284 -0.002827128568803265 0.026046732506837093 -0.08217609005490871 0.09441717770859698 -0.15805567350598954 0.1517145110887339 -0.005163986142992746 0.7558865632879168 -0.31645161063977645 -0.4511034882888413 -0.16414249701082564 -0.07284902937297036 -0.05360191353081853 -0.0018803926840180486
0.787967221837718 -0.2924974325106278 -0.45621091528808166 -0.20329874225382302 -0.10305672485545532 -0.07979631891337591 -0.06625102426717451 -0.06568758238964659 -0.11568807970861426 0.03916573993630875 0.05549073117715179 -0.007504517403103088 0.007261324842399974 0.009138315769035652 -0.014576421177512996
0.48616994781990663 0.8020578976376647 0.2699786995565636 0.07799746031002679 0.01129346287761433 0.16160742181937396 -0.015460743742576593 0.04220457933055904 -0.03645501826217846 0.08120472867044812 0.002690401061903921 -0.007619630340347418 -0.045806673777151495 -0.019323363004469712 0.05142887691455454
0.23755590968631368 -0.3059728172514211 0.2831295729221493 0.7488339818890606 -0.3338563841372788 -0.0033329677091943734 0.1405028278046231 0.24828655064811947 0.003848788026330236 -0.07335874082874179 -0.021403529370200694 0.011998163743689396 0.09380676123095302 0.010848826915362021 0.035480939933649744
0.1567655405407975 -0.17425071159778613 0.17702852600892144 0.27780834601874127 0.8320490181742524 -0.18602960949578762 -0.09328996839602163 -0.19336901784673727 -0.15908516120584035 0.11127706752644813 -0.10510383370275517 0.017397727201534527 -0.05358808801513034 -0.09314619012289149 0.054308675111110226
0.08115202874267907 -0.1481048031379332 0.286966322861107 -0.2303946511314367 0.10594467422912178 0.00024693188077615604 0.14628968268909998 0.3335377056653504 -0.1341709651437203 -0.32744597083997384 0.3255078647995777 -0.236684795449125 -0.6131826730001826 0.16917958906656738 0.019053726220381387
0.08428414225767211 -0.26735356101388125 0.28631466340092165 -0.08745584638751448 -0.005785479773521985 0.5670603530033259 -0.5548544198578348 -0.07237214778293223 0.3466498353710477 0.20166213395243682 0.07966063829645456 0.11866680644832589 -0.09373113796256623 0.08393550686130245 0.0030864350147276156
0.0031498443094105104 -0.05369498541013891 0.09688840375337973 -0.07783156512721454 -0.09597005638201397 0.09945592727846507 0.08748246726817455 -0.3419231367493393 -0.1561539046789425 -0.19787413769615037 -0.17926761221290058 0.024072406880852045 0.049977502449351126 0.30179333879597203 0.805086281726535
0.05788056488948121 -0.10683649453246827 0.35620829303828655 -0.10301803239063895 -0.21493736716429715 0.09331555844546215 0.13263134664121515 -0.6257970024426822 -0.1932130874821715 -0.17511839007456967 -0.02175717474223977 -0.27799945242711316 0.01235496576127068 -0.3710990772515868 -0.3162244847452507
0.03174378739289214 0.007570759397941458 0.04410183276665509 0.005851902236467613 -0.06506562554681619 -0.0338441411049875 0.18248895084488023 -0.20867170822112593 -0.03787895375209504 -0.12016072101944153 -0.16323614543204173 0.8081639695308367 -0.34485541508067985 0.18042464617144519 -0.26000764133085597
0.03239359493902001 -0.08697753641116629 0.4109002281101502 -0.31294703763748116 -0.22163624220507766 -0.46148445046807274 -0.2745029654868373 0.23683692646228555 -0.2062247803437781 0.29716812830076883 -0.4471898531960313 0.012929465182595351 0.00556998808679359 0.004651930741734316 0.006358463337539659
0.0313596048545105 0.01841745845878241 0.057071573785592446 0.009798245249477734 0.09396830658816557 0.05444736255344565 0.00053532192911938 -0.08572618354164788 -0.08845812879431075 -0.08861542025227033 -0.12328722570873091 -0.24348464783975032 0.2939167125013914 0.7937981405299888 -0.41172297774999556
-0.11261229852250786 0.06007087762558655 -0.320052245309298 0.2820780635315626 -0.13221614819618685 0.13585553349518673 -0.05353192123024493 -0.1425301326907643 -0.09922216489193486 0.3213333229824571 -0.3858959818857119 -0.33051714726091846 -0.6026674897192756 0.0856647324218986 -0.028038537938189684
-0.04054641510242095 0.07065194072458632 -0.16978918632188594 0.07595182090474308 0.04120428447759882 0.1897031897527697 -0.4731306933698227 0.20394035389611945 -0.31003761138495584 -0.6403466543997621 -0.3274070518512505 0.03990352513863162 0.04265753233782459 -0.18290294948630312 -0.07355167704009649
