-0.043345228966789266 -0.1458736252745349 0.015376427592396697 0.2009899811893304 -0.17548330435166223 -0.5470541396995863 -0.46478138912093536 -0.315285073438701 0.20362311187344712 -0.13477279664265615 0.42348016419497037 -0.06840778765596889 0.16140793801852354 0.1380313173848858 0.04442195537269353
0.16078161779764588 0.00960850124100355 0.010512572205095048 -0.08857607583921652 0.0933026369667526 -0.16234749198288453 0.1543057398939557 0.06685148819530419 0.7411692667923236 -0.38216763812291255 -0.413585816179606 -0.15538594367551647 0.09753435601644869 -0.05145411260745421 -0.004093755004871315
0.776841296322767 0.300173535787635 -0.4842573245447449 -0.15980787758878645 -0.10260931440668486 -0.07933203039717222 -0.07081771241508515 -0.07753689883344436 -0.10803399366050785 0.04912028120607947 0.06229836294939965 -0.013169077132912719 -0.009386183250297147 0.011982771072114713 -0.012248650292911039
0.5174921617678424 -0.7676825684885266 0.3241543996129321 0.042351684244313126 0.009089397795417547 0.14823984443579585 -0.012891937492079324 0.03447663583347207 -0.037414148647811285 0.08320322448499384 -0.004822305159923049 -0.0005512615364474192 0.03986908425665673 -0.022692606294161772 0.04617830269361519
0.22730109834801013 0.3291690045145854 0.33538578751936504 0.7226699916851803 -0.33015043198262933 -0.00039558236426151457 0.12793065650495974 0.2506605014381423 -0.015204662645537647 -0.07856615442144434 -0.01843751728908266 0.009035863586054954 -0.09274259793387818 0.014761282226350777 0.037490445981971356
0.15030062170481134 0.19130210205039203 0.19972527281093716 0.2529186036475208 0.831908866135763 -0.1879470182049437 -0.11163060246488019 -0.20538141824585254 -0.13788638022706237 0.0877925074397336 -0.11322748864392682 0.023142835015545694 0.04873881482933166 -0.09902481047324897 0.051558163747255664
0.07130846066638055 0.16697142334232 0.26044934793561997 -0.2622887383685319 0.10103222323114551 0.003865029544435713 0.17347764575424884 0.3334840446977127 -0.1812989523253818 -0.25046877430759495 0.35157517962817747 -0.21318891415301697 0.6280965529930057 0.13887773547610133 0.020664208723578378
0.07199142566485663 0.2768757813381266 0.2694550360817917 -0.1211713335244078 -0.009278836661166766 0.5737804770826667 -0.5417116183782725 -0.06297890425465066 0.36914842224816247 0.1878666147278827 0.08707826969751531 0.10656590243575553 0.0890166647675162 0.07553893753596101 0.0026717708777198017
0.0013623524817518895 0.055968849747589325 0.08267436422935392 -0.0861019765886937 -0.09650983288302274 0.09990690861925827 0.09536323661656379 -0.3452854857931019 -0.13651584396526897 -0.21304429345751558 -0.1747012420615373 0.054924311834015804 -0.012654706168855516 0.29305650803040384 0.807094399699483
0.049649731180523085 0.13189471523511465 0.3369092359572293 -0.13946047450667082 -0.21847457712132454 0.08917288394696635 0.1604229764153386 -0.6304195553721899 -0.1566334891206892 -0.17278615007152312 -0.033665211200136255 -0.29022085994387375 -0.017364215958339993 -0.3606397907732813 -0.3134025647298349
0.03360332388057688 -0.002883053088456457 0.03348975827729942 0.013754247350733086 -0.061766555883868715 -0.034487646222047946 0.16113685532080407 -0.21009180890901372 -0.014583925383929679 -0.15126059068065317 -0.102379130362818 0.8276154822235009 0.3153993756453743 0.15225259072886294 -0.2850695607298097
0.023423884112649555 0.11356732856727546 0.36310488824354076 -0.3458963928106174 -0.22767502569494064 -0.45249214890409795 -0.3131307837028374 0.22269253761626667 -0.21292784597145445 0.23375381487326602 -0.477589241593701 0.05243194816524888 -0.0033130492450624775 0.0002952134421031439 -0.002371302063775079
0.030487898171382564 -0.01175138260465943 0.061711671760870584 0.0012685940566848713 0.09320927684048379 0.05121139211567357 0.005337079572719271 -0.09119641067949127 -0.0851079665218017 -0.09420050044141183 -0.12556063979721868 -0.24797866534981505 -0.23819494078566847 0.8199145025365163 -0.3912722751862017
-0.10163845021818049 -0.08864543065509373 -0.2926721618985916 0.3181101453908992 -0.12489807591379705 0.13925004795309234 -0.08746053404065193 -0.14369479320394724 -0.08866387645680622 0.2734519774431397 -0.42215723313077946 -0.2768028441461733 0.6246114197419754 0.05160028255969406 -0.037377593280099326
-0.03258062587908931 -0.09093303462992917 -0.1564710753634663 0.08267726364109498 0.03924093450299742 0.18883407098977778 -0.48589047288217696 0.1714322945431651 -0.3223734598198294 -0.6914670773850498 -0.19274283418305455 0.022896639791684097 -0.05025255287283283 -0.16904978185133085 -0.07645683333740737
